1.000000 0.001591 0.012799 0.751007 0.091705 0.004540 0.004464 0.001038 0.000000 0.001282 0.000000 0.002640 0.029281 0.003308 0.002650 0.006733 0.000521 0.004603 0.000849 0.124642 0.124642 0.003789 0.003445 0.002468 0.004299 0.593958 0.002049 0.003666 0.003524 0.001688 0.001100 0.019830 0.049025 0.006433
0.001591 1.000000 0.000000 0.000000 0.160363 0.000000 0.000000 0.365986 0.000000 0.000000 0.000000 0.000000 0.321101 0.000000 0.000000 0.002371 0.000000 0.000000 0.000000 0.000000 0.000000 0.000000 0.000000 0.000000 0.000000 0.001234 0.000000 0.065909 0.000000 0.000000 0.570074 0.000000 0.369787 0.000000
0.012799 0.000000 1.000000 0.153021 0.610465 0.000000 0.000000 0.000000 0.000000 0.000000 0.000000 0.000000 0.004689 0.000000 0.000000 0.001028 0.000000 0.002386 0.000950 0.012045 0.012045 0.002647 0.002662 0.005869 0.000764 0.214297 0.019120 0.356261 0.000000 0.001922 0.111251 0.000000 0.006115 0.000750
0.751007 0.000000 0.153021 1.000000 0.301629 0.000260 0.000159 0.000927 0.000000 0.001641 0.000000 0.005630 0.000416 0.003294 0.003128 0.001634 0.000332 0.000000 0.001087 0.005106 0.005106 0.000628 0.005346 0.003158 0.002076 0.246599 0.007546 0.144301 0.001559 0.000767 0.044109 0.000000 0.003315 0.002054
0.091705 0.160363 0.610465 0.301629 1.000000 0.004341 0.004029 0.145537 0.000000 0.002771 0.000000 0.006397 0.141491 0.006341 0.003078 0.004416 0.001418 0.001027 0.001355 0.052266 0.052266 0.001909 0.010300 0.009482 0.004555 0.369328 0.037608 0.825762 0.005327 0.001353 0.366944 0.000908 0.188263 0.010276
0.004540 0.000000 0.000000 0.000260 0.004341 1.000000 0.975413 0.007513 0.046458 0.039976 0.046458 0.042450 0.009731 0.052808 0.046871 0.774008 0.107239 0.014050 0.044058 0.000000 0.000000 0.021207 0.036521 0.000000 0.018244 0.023579 0.009011 0.009486 0.012943 0.008594 0.001773 0.000000 0.033156 0.748466
0.004464 0.000000 0.000000 0.000159 0.004029 0.975413 1.000000 0.007513 0.050961 0.050530 0.050961 0.046564 0.011399 0.056629 0.053481 0.780951 0.216438 0.013040 0.060635 0.003987 0.003987 0.022663 0.037144 0.000000 0.021272 0.027592 0.010291 0.009098 0.014578 0.010253 0.001817 0.000000 0.038176 0.725201
0.001038 0.365986 0.000000 0.000927 0.145537 0.007513 0.007513 1.000000 0.000000 0.000000 0.000000 0.000000 0.351688 0.003915 0.000000 0.005559 0.001128 0.001757 0.001690 0.005911 0.005911 0.000776 0.005305 0.004486 0.001314 0.005948 0.001082 0.003193 0.000809 0.003019 0.725342 0.000000 0.533173 0.012650
0.000000 0.000000 0.000000 0.000000 0.000000 0.046458 0.050961 0.000000 1.000000 0.907031 1.000000 0.963168 0.372234 0.067184 0.067841 0.267362 0.106501 0.000000 0.087995 0.000000 0.000000 0.070048 0.034364 0.000000 0.015505 0.014557 0.008545 0.000000 0.000000 0.000000 0.039350 0.000000 0.101873 0.023101
0.001282 0.000000 0.000000 0.001641 0.002771 0.039976 0.050530 0.000000 0.907031 1.000000 0.907031 0.871320 0.326797 0.093378 0.058375 0.242371 0.101856 0.000000 0.077986 0.000000 0.000000 0.066017 0.092893 0.067742 0.153770 0.019686 0.014433 0.001587 0.008462 0.000000 0.033859 0.000000 0.106924 0.039725
0.000000 0.000000 0.000000 0.000000 0.000000 0.046458 0.050961 0.000000 1.000000 0.907031 1.000000 0.963168 0.372234 0.067184 0.067841 0.267362 0.106501 0.000000 0.087995 0.000000 0.000000 0.070048 0.034364 0.000000 0.015505 0.014557 0.008545 0.000000 0.000000 0.000000 0.039350 0.000000 0.101873 0.023101
0.002640 0.000000 0.000000 0.005630 0.006397 0.042450 0.046564 0.000000 0.963168 0.871320 0.963168 1.000000 0.345296 0.090989 0.066280 0.251130 0.097313 0.000000 0.080403 0.000000 0.000000 0.064004 0.152580 0.050875 0.032870 0.016715 0.007807 0.007892 0.000000 0.000000 0.036878 0.000000 0.099347 0.022341
0.029281 0.321101 0.004689 0.000416 0.141491 0.009731 0.011399 0.351688 0.372234 0.326797 0.372234 0.345296 1.000000 0.015298 0.014210 0.108003 0.022900 0.023671 0.019283 0.027259 0.027259 0.349186 0.005243 0.003625 0.003031 0.105793 0.057229 0.000460 0.002717 0.001159 0.609564 0.003981 0.556207 0.006764
0.003308 0.000000 0.000000 0.003294 0.006341 0.052808 0.056629 0.003915 0.067184 0.093378 0.067184 0.090989 0.015298 1.000000 0.538905 0.361488 0.160425 0.193481 0.165464 0.090833 0.090833 0.147014 0.664070 0.595670 0.523055 0.085797 0.189014 0.032016 0.164841 0.181135 0.108093 0.129995 0.377091 0.063092
0.002650 0.000000 0.000000 0.003128 0.003078 0.046871 0.053481 0.000000 0.067841 0.058375 0.067841 0.066280 0.014210 0.538905 1.000000 0.375240 0.134605 0.104198 0.126020 0.058649 0.058649 0.075272 0.125261 0.094605 0.137243 0.045070 0.100407 0.014777 0.089172 0.094593 0.058287 0.070008 0.215786 0.025033
0.006733 0.002371 0.001028 0.001634 0.004416 0.774008 0.780951 0.005559 0.267362 0.242371 0.267362 0.251130 0.108003 0.361488 0.375240 1.000000 0.461011 0.102232 0.426566 0.051382 0.051382 0.100506 0.134967 0.086417 0.153922 0.064311 0.099013 0.018352 0.086606 0.088929 0.060960 0.064672 0.244916 0.573887
0.000521 0.000000 0.000000 0.000332 0.001418 0.107239 0.216438 0.001128 0.106501 0.101856 0.106501 0.097313 0.022900 0.160425 0.134605 0.461011 1.000000 0.055765 0.528254 0.034513 0.034513 0.044614 0.048264 0.030482 0.077262 0.034006 0.057080 0.009386 0.048475 0.050477 0.030878 0.037467 0.155101 0.069279
0.004603 0.000000 0.002386 0.000000 0.001027 0.014050 0.013040 0.001757 0.000000 0.000000 0.000000 0.000000 0.023671 0.193481 0.104198 0.102232 0.055765 1.000000 0.067577 0.085681 0.085681 0.251700 0.141208 0.111793 0.209424 0.075299 0.181244 0.019956 0.151177 0.172178 0.101287 0.122622 0.322248 0.015854
0.000849 0.000000 0.000950 0.001087 0.001355 0.044058 0.060635 0.001690 0.087995 0.077986 0.087995 0.080403 0.019283 0.165464 0.126020 0.426566 0.528254 0.067577 1.000000 0.041800 0.041800 0.053107 0.067445 0.056759 0.087724 0.032186 0.066572 0.009777 0.057841 0.059707 0.037746 0.045403 0.175665 0.034554
0.124642 0.000000 0.012045 0.005106 0.052266 0.000000 0.003987 0.005911 0.000000 0.000000 0.000000 0.000000 0.027259 0.090833 0.058649 0.051382 0.034513 0.085681 0.041800 1.000000 1.000000 0.064578 0.063731 0.046835 0.104841 0.401162 0.084949 0.014575 0.117887 0.084970 0.052935 0.080275 0.212369 0.002943
0.124642 0.000000 0.012045 0.005106 0.052266 0.000000 0.003987 0.005911 0.000000 0.000000 0.000000 0.000000 0.027259 0.090833 0.058649 0.051382 0.034513 0.085681 0.041800 1.000000 1.000000 0.064578 0.063731 0.046835 0.104841 0.401162 0.084949 0.014575 0.117887 0.084970 0.052935 0.080275 0.212369 0.002943
0.003789 0.000000 0.002647 0.000628 0.001909 0.021207 0.022663 0.000776 0.070048 0.066017 0.070048 0.064004 0.349186 0.147014 0.075272 0.100506 0.044614 0.251700 0.053107 0.064578 0.064578 1.000000 0.102982 0.080665 0.153479 0.070160 0.137387 0.015553 0.116110 0.120330 0.093473 0.092408 0.378031 0.025979
0.003445 0.000000 0.002662 0.005346 0.010300 0.036521 0.037144 0.005305 0.034364 0.092893 0.034364 0.152580 0.005243 0.664070 0.125261 0.134967 0.048264 0.141208 0.067445 0.063731 0.063731 0.102982 1.000000 0.821272 0.675309 0.067450 0.132639 0.030920 0.117077 0.119941 0.076491 0.091208 0.287410 0.113597
0.002468 0.000000 0.005869 0.003158 0.009482 0.000000 0.000000 0.004486 0.000000 0.067742 0.000000 0.050875 0.003625 0.595670 0.094605 0.086417 0.030482 0.111793 0.056759 0.046835 0.046835 0.080665 0.821272 1.000000 0.586072 0.053397 0.099475 0.024789 0.082636 0.088143 0.055659 0.067027 0.224710 0.069835
0.004299 0.000000 0.000764 0.002076 0.004555 0.018244 0.021272 0.001314 0.015505 0.153770 0.015505 0.032870 0.003031 0.523055 0.137243 0.153922 0.077262 0.209424 0.087724 0.104841 0.104841 0.153479 0.675309 0.586072 1.000000 0.092806 0.202415 0.028189 0.175395 0.183650 0.114752 0.144819 0.411912 0.030865
0.593958 0.001234 0.214297 0.246599 0.369328 0.023579 0.027592 0.005948 0.014557 0.019686 0.014557 0.016715 0.105793 0.085797 0.045070 0.064311 0.034006 0.075299 0.032186 0.401162 0.401162 0.070160 0.067450 0.053397 0.092806 1.000000 0.083990 0.174851 0.085823 0.068579 0.096220 0.069314 0.250165 0.053316
0.002049 0.000000 0.019120 0.007546 0.037608 0.009011 0.010291 0.001082 0.008545 0.014433 0.008545 0.007807 0.057229 0.189014 0.100407 0.099013 0.057080 0.181244 0.066572 0.084949 0.084949 0.137387 0.132639 0.099475 0.202415 0.083990 1.000000 0.039427 0.151295 0.158631 0.104640 0.117673 0.452113 0.015063
0.003666 0.065909 0.356261 0.144301 0.825762 0.009486 0.009098 0.003193 0.000000 0.001587 0.000000 0.007892 0.000460 0.032016 0.014777 0.018352 0.009386 0.019956 0.009777 0.014575 0.014575 0.015553 0.030920 0.024789 0.028189 0.174851 0.039427 1.000000 0.018193 0.017847 0.115327 0.013408 0.069552 0.018238
0.003524 0.000000 0.000000 0.001559 0.005327 0.012943 0.014578 0.000809 0.000000 0.008462 0.000000 0.000000 0.002717 0.164841 0.089172 0.086606 0.048475 0.151177 0.057841 0.117887 0.117887 0.116110 0.117077 0.082636 0.175395 0.085823 0.151295 0.018193 1.000000 0.136503 0.083767 0.101572 0.264302 0.030232
0.001688 0.000000 0.001922 0.000767 0.001353 0.008594 0.010253 0.003019 0.000000 0.000000 0.000000 0.000000 0.001159 0.181135 0.094593 0.088929 0.050477 0.172178 0.059707 0.084970 0.084970 0.120330 0.119941 0.088143 0.183650 0.068579 0.158631 0.017847 0.136503 1.000000 0.090460 0.108341 0.301999 0.010617
0.001100 0.570074 0.111251 0.044109 0.366944 0.001773 0.001817 0.725342 0.039350 0.033859 0.039350 0.036878 0.609564 0.108093 0.058287 0.060960 0.030878 0.101287 0.037746 0.052935 0.052935 0.093473 0.076491 0.055659 0.114752 0.096220 0.104640 0.115327 0.083767 0.090460 1.000000 0.067112 0.794864 0.004825
0.019830 0.000000 0.000000 0.000000 0.000908 0.000000 0.000000 0.000000 0.000000 0.000000 0.000000 0.000000 0.003981 0.129995 0.070008 0.064672 0.037467 0.122622 0.045403 0.080275 0.080275 0.092408 0.091208 0.067027 0.144819 0.069314 0.117673 0.013408 0.101572 0.108341 0.067112 1.000000 0.196730 0.001625
0.049025 0.369787 0.006115 0.003315 0.188263 0.033156 0.038176 0.533173 0.101873 0.106924 0.101873 0.099347 0.556207 0.377091 0.215786 0.244916 0.155101 0.322248 0.175665 0.212369 0.212369 0.378031 0.287410 0.224710 0.411912 0.250165 0.452113 0.069552 0.264302 0.301999 0.794864 0.196730 1.000000 0.049472
0.006433 0.000000 0.000750 0.002054 0.010276 0.748466 0.725201 0.012650 0.023101 0.039725 0.023101 0.022341 0.006764 0.063092 0.025033 0.573887 0.069279 0.015854 0.034554 0.002943 0.002943 0.025979 0.113597 0.069835 0.030865 0.053316 0.015063 0.018238 0.030232 0.010617 0.004825 0.001625 0.049472 1.000000
