1.000000 0.338704 0.318697 0.427950 0.312435 0.315085 0.063445 0.474680 0.299606 0.306629 0.276705 0.304495 0.443252 0.282503
0.338704 1.000000 0.659680 0.477315 0.750214 0.651507 0.047159 0.343831 0.748259 0.750184 0.578335 0.627488 0.684201 0.642934
0.318697 0.659680 1.000000 0.572673 0.857027 0.996797 0.019496 0.448398 0.821874 0.841119 0.893082 0.979016 0.879836 0.724806
0.427950 0.477315 0.572673 1.000000 0.596910 0.565578 0.031780 0.297401 0.543608 0.556352 0.502057 0.544727 0.571381 0.485708
0.312435 0.750214 0.857027 0.596910 1.000000 0.846196 0.008732 0.444360 0.989062 0.995461 0.753054 0.814350 0.876434 0.717414
0.315085 0.651507 0.996797 0.565578 0.846196 1.000000 0.020429 0.442757 0.811492 0.830492 0.896501 0.984019 0.870735 0.715886
0.063445 0.047159 0.019496 0.031780 0.008732 0.020429 1.000000 0.021199 0.008389 0.008577 0.007838 0.023257 0.012320 0.069786
0.474680 0.343831 0.448398 0.297401 0.444360 0.442757 0.021199 1.000000 0.426042 0.436006 0.393312 0.426151 0.765294 0.386082
0.299606 0.748259 0.821874 0.543608 0.989062 0.811492 0.008389 0.426042 1.000000 0.995540 0.722132 0.780965 0.847187 0.687883
0.306629 0.750184 0.841119 0.556352 0.995461 0.830492 0.008577 0.436006 0.995540 1.000000 0.739060 0.799243 0.863261 0.704150
0.276705 0.578335 0.893082 0.502057 0.753054 0.896501 0.007838 0.393312 0.722132 0.739060 1.000000 0.907631 0.776671 0.634952
0.304495 0.627488 0.979016 0.544727 0.814350 0.984019 0.023257 0.426151 0.780965 0.799243 0.907631 1.000000 0.841840 0.689459
0.443252 0.684201 0.879836 0.571381 0.876434 0.870735 0.012320 0.765294 0.847187 0.863261 0.776671 0.841840 1.000000 0.779027
0.282503 0.642934 0.724806 0.485708 0.717414 0.715886 0.069786 0.386082 0.687883 0.704150 0.634952 0.689459 0.779027 1.000000
