1.000000 0.312453 0.234566 0.404604 0.167646 0.502607
0.312453 1.000000 0.814851 0.422321 0.230553 0.835707
0.234566 0.814851 1.000000 0.322948 0.114621 0.697474
0.404604 0.422321 0.322948 1.000000 0.133707 0.595460
0.167646 0.230553 0.114621 0.133707 1.000000 0.460643
0.502607 0.835707 0.697474 0.595460 0.460643 1.000000
