1.000000 0.152708 0.121334 0.094282 0.160436 0.289071
0.152708 1.000000 0.156246 0.226596 0.400595 0.209908
0.121334 0.156246 1.000000 0.342437 0.316737 0.502037
0.094282 0.226596 0.342437 1.000000 0.297013 0.286400
0.160436 0.400595 0.316737 0.297013 1.000000 0.421705
0.289071 0.209908 0.502037 0.286400 0.421705 1.000000
