1.000000 0.538174 0.549718 0.535363 0.544444 0.532486 0.238631 0.503254 0.167073 0.520724
0.538174 1.000000 0.564397 0.544166 0.557218 0.542826 0.029008 0.518874 0.120526 0.532380
0.549718 0.564397 1.000000 0.567940 0.572914 0.561818 0.033647 0.526524 0.112583 0.550180
0.535363 0.544166 0.567940 1.000000 0.567031 0.574669 0.019122 0.506937 0.045543 0.542071
0.544444 0.557218 0.572914 0.567031 1.000000 0.574564 0.059614 0.518434 0.056172 0.538247
0.532486 0.542826 0.561818 0.574669 0.574564 1.000000 0.044199 0.505711 0.035825 0.536024
0.238631 0.029008 0.033647 0.019122 0.059614 0.044199 1.000000 0.058719 0.721557 0.031243
0.503254 0.518874 0.526524 0.506937 0.518434 0.505711 0.058719 1.000000 0.189378 0.496901
0.167073 0.120526 0.112583 0.045543 0.056172 0.035825 0.721557 0.189378 1.000000 0.108326
0.520724 0.532380 0.550180 0.542071 0.538247 0.536024 0.031243 0.496901 0.108326 1.000000
