1.000000 0.265236 0.051459 0.119686 0.099792 0.204193 0.110498 0.030096 0.106642 0.238792 0.284739
0.265236 1.000000 0.180332 0.466858 0.380121 0.714437 0.226658 0.137225 0.253944 0.726391 0.786961
0.051459 0.180332 1.000000 0.116239 0.097876 0.229447 0.172502 0.055148 0.101974 0.235872 0.133250
0.119686 0.466858 0.116239 1.000000 0.718828 0.466616 0.154612 0.120987 0.163980 0.437099 0.433575
0.099792 0.380121 0.097876 0.718828 1.000000 0.381429 0.130561 0.105541 0.144368 0.353470 0.357125
0.204193 0.714437 0.229447 0.466616 0.381429 1.000000 0.542742 0.213474 0.253486 0.922335 0.607323
0.110498 0.226658 0.172502 0.154612 0.130561 0.542742 1.000000 0.082674 0.101259 0.495584 0.200328
0.030096 0.137225 0.055148 0.120987 0.105541 0.213474 0.082674 1.000000 0.085352 0.180415 0.120830
0.106642 0.253944 0.101974 0.163980 0.144368 0.253486 0.101259 0.085352 1.000000 0.275345 0.320205
0.238792 0.726391 0.235872 0.437099 0.353470 0.922335 0.495584 0.180415 0.275345 1.000000 0.663001
0.284739 0.786961 0.133250 0.433575 0.357125 0.607323 0.200328 0.120830 0.320205 0.663001 1.000000
