1.000000 0.674798 0.115322 0.649552 0.256903 0.798753 0.081460 0.635578 0.713592 0.324892 0.110112 0.347615
0.674798 1.000000 0.306674 0.701350 0.517061 0.725383 0.127721 0.780644 0.701748 0.625967 0.120309 0.418175
0.115322 0.306674 1.000000 0.101881 0.925528 0.119477 0.273901 0.640365 0.150749 0.834517 0.318477 0.313824
0.649552 0.701350 0.101881 1.000000 0.215552 0.867085 0.040987 0.558042 0.817572 0.326789 0.043596 0.314035
0.256903 0.517061 0.925528 0.215552 1.000000 0.276261 0.301696 0.784619 0.286105 0.930067 0.328491 0.422504
0.798753 0.725383 0.119477 0.867085 0.276261 1.000000 0.058861 0.626069 0.794281 0.381314 0.064053 0.327471
0.081460 0.127721 0.273901 0.040987 0.301696 0.058861 1.000000 0.279730 0.225185 0.293834 0.776088 0.496728
0.635578 0.780644 0.640365 0.558042 0.784619 0.626069 0.279730 1.000000 0.613325 0.860092 0.324675 0.536325
0.713592 0.701748 0.150749 0.817572 0.286105 0.794281 0.225185 0.613325 1.000000 0.375807 0.213224 0.654812
0.324892 0.625967 0.834517 0.326789 0.930067 0.381314 0.293834 0.860092 0.375807 1.000000 0.323453 0.451337
0.110112 0.120309 0.318477 0.043596 0.328491 0.064053 0.776088 0.324675 0.213224 0.323453 1.000000 0.495010
0.347615 0.418175 0.313824 0.314035 0.422504 0.327471 0.496728 0.536325 0.654812 0.451337 0.495010 1.000000
