1.000000 0.000000 0.367329 0.111022 0.431878 0.067568 0.464713 0.464890 0.226211 0.049381 0.067384 0.334868 0.671623 0.663269 0.084349
0.000000 1.000000 0.000000 0.037075 0.000000 0.011432 0.000000 0.024284 0.021041 0.010612 0.036531 0.058510 0.022533 0.024123 0.282265
0.367329 0.000000 1.000000 0.098156 0.584824 0.060251 0.418726 0.304656 0.134248 0.043725 0.046882 0.240591 0.591894 0.584511 0.055295
0.111022 0.037075 0.098156 1.000000 0.120924 0.101897 0.174708 0.103803 0.229888 0.119553 0.256395 0.125897 0.201360 0.203494 0.231957
0.431878 0.000000 0.584824 0.120924 1.000000 0.096029 0.628927 0.503659 0.219261 0.095864 0.073486 0.384552 0.765091 0.755264 0.084430
0.067568 0.011432 0.060251 0.101897 0.096029 1.000000 0.203564 0.105657 0.159781 0.117568 0.353234 0.085866 0.151863 0.155186 0.157935
0.464713 0.000000 0.418726 0.174708 0.628927 0.203564 1.000000 0.643980 0.222716 0.055416 0.069013 0.408511 0.799949 0.789476 0.080797
0.464890 0.024284 0.304656 0.103803 0.503659 0.105657 0.643980 1.000000 0.242338 0.051813 0.066536 0.674189 0.754274 0.743874 0.137382
0.226211 0.021041 0.134248 0.229888 0.219261 0.159781 0.222716 0.242338 1.000000 0.219191 0.385300 0.216164 0.359916 0.366193 0.356359
0.049381 0.010612 0.043725 0.119553 0.095864 0.117568 0.055416 0.051813 0.219191 1.000000 0.285253 0.089525 0.105305 0.112573 0.241709
0.067384 0.036531 0.046882 0.256395 0.073486 0.353234 0.069013 0.066536 0.385300 0.285253 1.000000 0.130759 0.123227 0.137883 0.477497
0.334868 0.058510 0.240591 0.125897 0.384552 0.085866 0.408511 0.674189 0.216164 0.089525 0.130759 1.000000 0.614593 0.606382 0.277916
0.671623 0.022533 0.591894 0.201360 0.765091 0.151863 0.799949 0.754274 0.359916 0.105305 0.123227 0.614593 1.000000 0.985724 0.192410
0.663269 0.024123 0.584511 0.203494 0.755264 0.155186 0.789476 0.743874 0.366193 0.112573 0.137883 0.606382 0.985724 1.000000 0.201495
0.084349 0.282265 0.055295 0.231957 0.084430 0.157935 0.080797 0.137382 0.356359 0.241709 0.477497 0.277916 0.192410 0.201495 1.000000
