1.000000 0.352854 0.425416 0.206994 0.087675 0.076867 0.125888 0.082920 0.062107 0.310198
0.352854 1.000000 0.385463 0.135261 0.082086 0.072916 0.086852 0.100050 0.063322 0.374026
0.425416 0.385463 1.000000 0.292070 0.085296 0.080263 0.151524 0.113068 0.102784 0.385836
0.206994 0.135261 0.292070 1.000000 0.315082 0.090558 0.204218 0.113413 0.107449 0.413371
0.087675 0.082086 0.085296 0.315082 1.000000 0.070337 0.175439 0.128847 0.098941 0.460086
0.076867 0.072916 0.080263 0.090558 0.070337 1.000000 0.322324 0.187152 0.176477 0.268276
0.125888 0.086852 0.151524 0.204218 0.175439 0.322324 1.000000 0.192324 0.203272 0.589466
0.082920 0.100050 0.113068 0.113413 0.128847 0.187152 0.192324 1.000000 0.219342 0.372937
0.062107 0.063322 0.102784 0.107449 0.098941 0.176477 0.203272 0.219342 1.000000 0.267400
0.310198 0.374026 0.385836 0.413371 0.460086 0.268276 0.589466 0.372937 0.267400 1.000000
