1.000000 0.743428 0.139127 0.299474 0.000861 0.000346 0.227594 0.043020 0.002512
0.743428 1.000000 0.003563 0.095030 0.000895 0.026440 0.577254 0.001099 0.037927
0.139127 0.003563 1.000000 0.822610 0.002926 0.000326 0.174371 0.132880 0.100266
0.299474 0.095030 0.822610 1.000000 0.132975 0.105530 0.351948 0.331192 0.122599
0.000861 0.000895 0.002926 0.132975 1.000000 0.266428 0.005390 0.660517 0.348854
0.000346 0.026440 0.000326 0.105530 0.266428 1.000000 0.105063 0.496980 0.376144
0.227594 0.577254 0.174371 0.351948 0.005390 0.105063 1.000000 0.179662 0.350291
0.043020 0.001099 0.132880 0.331192 0.660517 0.496980 0.179662 1.000000 0.758951
0.002512 0.037927 0.100266 0.122599 0.348854 0.376144 0.350291 0.758951 1.000000
