1.000000 0.214127 1.000000 0.537528 1.000000 0.194373
0.214127 1.000000 0.214127 0.131924 0.214127 0.330688
1.000000 0.214127 1.000000 0.537528 1.000000 0.194373
0.537528 0.131924 0.537528 1.000000 0.537528 0.154910
1.000000 0.214127 1.000000 0.537528 1.000000 0.194373
0.194373 0.330688 0.194373 0.154910 0.194373 1.000000
