1.000000 1.000000 0.396139 0.000430 0.004088 0.129778
1.000000 1.000000 0.396139 0.000430 0.004088 0.129778
0.396139 0.396139 1.000000 0.052001 0.047899 0.120928
0.000430 0.000430 0.052001 1.000000 0.365835 0.540250
0.004088 0.004088 0.047899 0.365835 1.000000 0.509214
0.129778 0.129778 0.120928 0.540250 0.509214 1.000000
