1.000000 0.644859 0.179707 0.167748 0.161647 0.109822 0.248401 0.315455 0.145632 0.198600 0.162868 0.205694 0.207545 0.183406 0.165886 0.192063 0.633393 0.165133 0.177292 0.302844 0.339567 0.768355 0.164194 0.275873 0.274021 0.258715 0.269009 0.251183 0.542095
0.644859 1.000000 0.175637 0.167775 0.163357 0.128737 0.251661 0.317595 0.139819 0.199481 0.182398 0.217219 0.219389 0.186346 0.165092 0.186857 0.996002 0.163371 0.171612 0.304597 0.327737 0.550236 0.163120 0.279516 0.300350 0.313192 0.267220 0.266237 0.611143
0.179707 0.175637 1.000000 0.091179 0.087823 0.056827 0.134310 0.168418 0.067663 0.108651 0.077532 0.088278 0.087684 0.097871 0.090311 0.105028 0.170008 0.091316 0.096939 0.163984 0.196072 0.163630 0.090498 0.149639 0.144955 0.134157 0.140873 0.134941 0.310680
0.167748 0.167775 0.091179 1.000000 0.082199 0.056420 0.125484 0.156096 0.062699 0.101047 0.073882 0.082975 0.082321 0.092346 0.083909 0.097341 0.162509 0.084562 0.089796 0.152584 0.171592 0.153511 0.083988 0.140276 0.137154 0.128231 0.130332 0.126973 0.277186
0.161647 0.163357 0.087823 0.082199 1.000000 0.052339 0.120887 0.150244 0.060270 0.097462 0.071730 0.080305 0.079765 0.089673 0.081024 0.093933 0.158263 0.080942 0.086569 0.147263 0.165228 0.147980 0.080582 0.135151 0.133096 0.125057 0.125494 0.122953 0.264273
0.109822 0.128737 0.056827 0.056420 0.052339 1.000000 0.084949 0.095127 0.038574 0.065180 0.057467 0.059814 0.058703 0.090931 0.054339 0.059533 0.124977 0.052936 0.054903 0.097471 0.105044 0.104917 0.051844 0.092228 0.102428 0.100344 0.078777 0.088918 0.251004
0.248401 0.251661 0.134310 0.125484 0.120887 0.084949 1.000000 0.231036 0.098892 0.149608 0.113911 0.139940 0.129739 0.136768 0.124170 0.148787 0.243959 0.123987 0.132230 0.225720 0.253504 0.227052 0.122973 0.212216 0.204738 0.191371 0.194658 0.190105 0.393305
0.315455 0.317595 0.168418 0.156096 0.150244 0.095127 0.231036 1.000000 0.348699 0.205814 0.181355 0.324359 0.320942 0.167023 0.154722 0.180029 0.308402 0.156340 0.166140 0.329166 0.340258 0.283861 0.155179 0.256976 0.250379 0.236278 0.484886 0.230564 0.491720
0.145632 0.139819 0.067663 0.062699 0.060270 0.038574 0.098892 0.348699 1.000000 0.077233 0.365806 0.862469 0.851366 0.067243 0.062375 0.072376 0.136421 0.063390 0.066722 0.129054 0.142397 0.120890 0.063013 0.106758 0.099432 0.141407 0.743011 0.092930 0.248446
0.198600 0.199481 0.108651 0.101047 0.097462 0.065180 0.149608 0.205814 0.077233 1.000000 0.087911 0.099847 0.099097 0.108758 0.102217 0.116283 0.193250 0.104644 0.106445 0.181136 0.203498 0.182766 0.103581 0.168696 0.165251 0.152012 0.167583 0.152008 0.354920
0.162868 0.182398 0.077532 0.073882 0.071730 0.057467 0.113911 0.181355 0.365806 0.087911 1.000000 0.734917 0.753603 0.081974 0.073519 0.082587 0.178232 0.075692 0.075529 0.143309 0.155316 0.148726 0.076325 0.126059 0.127756 0.638197 0.246411 0.116261 0.395966
0.205694 0.217219 0.088278 0.082975 0.080305 0.059814 0.139940 0.324359 0.862469 0.099847 0.734917 1.000000 0.996447 0.092146 0.081827 0.094120 0.213113 0.081898 0.086729 0.173019 0.187564 0.174735 0.081499 0.144085 0.137884 0.420919 0.606809 0.127119 0.379625
0.207545 0.219389 0.087684 0.082321 0.079765 0.058703 0.129739 0.320942 0.851366 0.099097 0.753603 0.996447 1.000000 0.091185 0.081588 0.093601 0.215390 0.081357 0.086186 0.171755 0.186349 0.176014 0.080973 0.144085 0.137273 0.439747 0.599629 0.126260 0.383485
0.183406 0.186346 0.097871 0.092346 0.089673 0.090931 0.136768 0.167023 0.067243 0.108758 0.081974 0.092146 0.091185 1.000000 0.090156 0.104143 0.180097 0.089440 0.096319 0.165418 0.184370 0.168373 0.088948 0.151721 0.153351 0.141409 0.139763 0.140153 0.359589
0.165886 0.165092 0.090311 0.083909 0.081024 0.054339 0.124170 0.154722 0.062375 0.102217 0.073519 0.081827 0.081588 0.090156 1.000000 0.098416 0.159833 0.087197 0.088777 0.150645 0.169478 0.152695 0.086824 0.139522 0.137367 0.125804 0.129614 0.126282 0.306134
0.192063 0.186857 0.105028 0.097341 0.093933 0.059533 0.148787 0.180029 0.072376 0.116283 0.082587 0.094120 0.093601 0.104143 0.098416 1.000000 0.180792 0.097789 0.103847 0.174991 0.198252 0.174970 0.096990 0.163953 0.155142 0.142812 0.150724 0.144057 0.433443
0.633393 0.996002 0.170008 0.162509 0.158263 0.124977 0.243959 0.308402 0.136421 0.193250 0.178232 0.213113 0.215390 0.180097 0.159833 0.180792 1.000000 0.158133 0.166038 0.295254 0.317126 0.535180 0.157903 0.270879 0.292250 0.305765 0.259605 0.258531 0.596966
0.165133 0.163371 0.091316 0.084562 0.080942 0.052936 0.123987 0.156340 0.063390 0.104644 0.075692 0.081898 0.081357 0.089440 0.087197 0.097789 0.158133 1.000000 0.089112 0.150811 0.170428 0.152580 0.093130 0.140320 0.137445 0.123986 0.130971 0.126271 0.272806
0.177292 0.171612 0.096939 0.089796 0.086569 0.054903 0.132230 0.166140 0.066722 0.106445 0.075529 0.086729 0.086186 0.096319 0.088777 0.103847 0.166038 0.089112 1.000000 0.161653 0.183473 0.160984 0.088281 0.150858 0.141742 0.131092 0.138998 0.132375 0.278242
0.302844 0.304597 0.163984 0.152584 0.147263 0.097471 0.225720 0.329166 0.129054 0.181136 0.143309 0.173019 0.171755 0.165418 0.150645 0.174991 0.295254 0.150811 0.161653 1.000000 0.808145 0.277471 0.149771 0.300137 0.362564 0.233064 0.243007 0.228009 0.496600
0.339567 0.327737 0.196072 0.171592 0.165228 0.105044 0.253504 0.340258 0.142397 0.203498 0.155316 0.187564 0.186349 0.184370 0.169478 0.198252 0.317126 0.170428 0.183473 0.808145 1.000000 0.308464 0.168833 0.441458 0.396969 0.251650 0.272873 0.252736 0.548660
0.768355 0.550236 0.163630 0.153511 0.147980 0.104917 0.227052 0.283861 0.120890 0.182766 0.148726 0.174735 0.176014 0.168373 0.152695 0.174970 0.535180 0.152580 0.160984 0.277471 0.308464 1.000000 0.152183 0.253521 0.258605 0.251871 0.238892 0.231763 0.507593
0.164194 0.163120 0.090498 0.083988 0.080582 0.051844 0.122973 0.155179 0.063013 0.103581 0.076325 0.081499 0.080973 0.088948 0.086824 0.096990 0.157903 0.093130 0.088281 0.149771 0.168833 0.152183 1.000000 0.139906 0.137023 0.123662 0.130112 0.125970 0.281944
0.275873 0.279516 0.149639 0.140276 0.135151 0.092228 0.212216 0.256976 0.106758 0.168696 0.126059 0.144085 0.144085 0.151721 0.139522 0.163953 0.270879 0.140320 0.150858 0.300137 0.441458 0.253521 0.139906 1.000000 0.245988 0.214539 0.217049 0.210291 0.451467
0.274021 0.300350 0.144955 0.137154 0.133096 0.102428 0.204738 0.250379 0.099432 0.165251 0.127756 0.137884 0.137273 0.153351 0.137367 0.155142 0.292250 0.137445 0.141742 0.362564 0.396969 0.258605 0.137023 0.245988 1.000000 0.228057 0.206190 0.212622 0.678635
0.258715 0.313192 0.134157 0.128231 0.125057 0.100344 0.191371 0.236278 0.141407 0.152012 0.638197 0.420919 0.439747 0.141409 0.125804 0.142812 0.305765 0.123986 0.131092 0.233064 0.251650 0.251871 0.123662 0.214539 0.228057 1.000000 0.211650 0.202905 0.637554
0.269009 0.267220 0.140873 0.130332 0.125494 0.078777 0.194658 0.484886 0.743011 0.167583 0.246411 0.606809 0.599629 0.139763 0.129614 0.150724 0.259605 0.130971 0.138998 0.243007 0.272873 0.238892 0.130112 0.217049 0.206190 0.211650 1.000000 0.192598 0.444072
0.251183 0.266237 0.134941 0.126973 0.122953 0.088918 0.190105 0.230564 0.092930 0.152008 0.116261 0.127119 0.126260 0.140153 0.126282 0.144057 0.258531 0.126271 0.132375 0.228009 0.252736 0.231763 0.125970 0.210291 0.212622 0.202905 0.192598 1.000000 0.490103
0.542095 0.611143 0.310680 0.277186 0.264273 0.251004 0.393305 0.491720 0.248446 0.354920 0.395966 0.379625 0.383485 0.359589 0.306134 0.433443 0.596966 0.272806 0.278242 0.496600 0.548660 0.507593 0.281944 0.451467 0.678635 0.637554 0.444072 0.490103 1.000000
