1.000000 0.027298 0.038689 0.108451 0.050663 0.028737 0.009172 0.053165 0.000000 0.000000 0.031407 0.028261 0.082106 0.040097 0.046894 0.029998 0.021590 0.043293 0.017375 0.027643 0.028900 0.037160 0.203274 0.025940 0.014682 0.022401 0.012902 0.022701 0.032671 0.030666 0.053061 0.040309 0.030524 0.237912 0.017232 0.014001 0.023007 0.023466 0.052428 0.021998 0.010362 0.035298 0.016309 0.273218 0.031573 0.267853 0.061734 0.089364 0.274208 0.036339 0.023414 0.047601 0.052086
0.027298 1.000000 0.099879 0.060924 0.057774 0.063599 0.034053 0.065316 0.019281 0.000000 0.063524 0.084759 0.057236 0.112662 0.176958 0.098697 0.039361 0.096582 0.042167 0.073440 0.041711 0.050322 0.142160 0.046099 0.036288 0.040970 0.029092 0.058427 0.078857 0.104820 0.111763 0.097810 0.081984 0.058881 0.037297 0.038614 0.057195 0.084923 0.145109 0.047239 0.034996 0.072753 0.050264 0.107095 0.064876 0.117558 0.179721 0.236863 0.113623 0.089518 0.045569 0.122397 0.112894
0.038689 0.099879 1.000000 0.121556 0.061672 0.059256 0.021985 0.053169 0.006214 0.000000 0.066333 0.072947 0.051670 0.099059 0.104021 0.076639 0.039778 0.100104 0.040714 0.061020 0.045122 0.043029 0.123733 0.046439 0.040032 0.041924 0.028955 0.064685 0.143557 0.411477 0.191647 0.124539 0.061903 0.061351 0.046255 0.033802 0.055722 0.053520 0.143804 0.044977 0.036506 0.077188 0.045040 0.099057 0.068703 0.102621 0.173357 0.284366 0.103610 0.153378 0.045412 0.122123 0.115276
0.108451 0.060924 0.121556 1.000000 0.080378 0.037687 0.031087 0.069501 0.008589 0.000000 0.046588 0.051920 0.098786 0.059386 0.079719 0.057588 0.024638 0.061901 0.024466 0.040300 0.045451 0.046157 0.222105 0.036204 0.020537 0.025545 0.016860 0.057247 0.086330 0.140238 0.114127 0.066819 0.093793 0.222819 0.025978 0.022360 0.034420 0.033286 0.079995 0.031005 0.021135 0.066938 0.026586 0.304644 0.040905 0.297286 0.155260 0.140637 0.305024 0.067074 0.028195 0.072061 0.073496
0.050663 0.057774 0.061672 0.080378 1.000000 0.134286 0.050004 0.090296 0.002893 0.000000 0.110637 0.092208 0.070837 0.130116 0.136912 0.101294 0.110833 0.311505 0.093097 0.121765 0.038649 0.128137 0.146853 0.113913 0.091581 0.140682 0.089273 0.104431 0.099290 0.103111 0.071489 0.124489 0.127930 0.092659 0.118976 0.083484 0.123960 0.113467 0.287523 0.119058 0.070806 0.043548 0.092836 0.141135 0.159774 0.137864 0.158169 0.135141 0.141532 0.159556 0.126709 0.318728 0.357946
0.028737 0.063599 0.059256 0.037687 0.134286 1.000000 0.047858 0.103347 0.001458 0.000000 0.127084 0.107588 0.068384 0.154699 0.170260 0.117935 0.137038 0.320460 0.106613 0.137146 0.049298 0.145719 0.107573 0.137264 0.108948 0.147116 0.117634 0.119139 0.119466 0.103583 0.069226 0.138946 0.128548 0.054986 0.129578 0.110696 0.148275 0.122303 0.303683 0.142928 0.062992 0.044015 0.098687 0.080575 0.187699 0.079808 0.174408 0.143744 0.080063 0.194611 0.154250 0.403083 0.323508
0.009172 0.034053 0.021985 0.031087 0.050004 0.047858 1.000000 0.031945 0.001628 0.000000 0.058365 0.040029 0.038141 0.068486 0.046938 0.041209 0.045323 0.133807 0.035600 0.054928 0.034026 0.058129 0.033765 0.041400 0.036640 0.058673 0.035839 0.041950 0.046270 0.062117 0.068206 0.059602 0.050576 0.014003 0.049059 0.035951 0.047932 0.050075 0.105015 0.048035 0.025482 0.058064 0.038464 0.027938 0.066164 0.026134 0.399177 0.061593 0.026762 0.063165 0.049478 0.135216 0.216829
0.053165 0.065316 0.053169 0.069501 0.090296 0.103347 0.031945 1.000000 0.002197 0.000000 0.073656 0.073875 0.062423 0.099397 0.128428 0.073489 0.081596 0.178028 0.070938 0.094356 0.032993 0.086766 0.151972 0.079077 0.068071 0.089139 0.063249 0.073685 0.082736 0.071772 0.063965 0.104105 0.093462 0.104212 0.082153 0.065509 0.086812 0.442941 0.212233 0.086164 0.028973 0.043023 0.066686 0.158180 0.113011 0.155527 0.126757 0.113713 0.157745 0.119675 0.094311 0.235727 0.219814
0.000000 0.019281 0.006214 0.008589 0.002893 0.001458 0.001628 0.002197 1.000000 0.000000 0.009176 0.004257 0.014443 0.009610 0.020060 0.005625 0.000000 0.007095 0.000911 0.003270 0.000000 0.000000 0.017568 0.000742 0.000000 0.000000 0.000000 0.001142 0.012437 0.000000 0.005467 0.004403 0.003841 0.009750 0.001329 0.000000 0.001668 0.001234 0.007587 0.000623 0.002793 0.008168 0.001544 0.020833 0.003739 0.015921 0.009540 0.004698 0.016571 0.002537 0.000000 0.006134 0.005724
0.000000 0.000000 0.000000 0.000000 0.000000 0.000000 0.000000 0.000000 0.000000 1.000000 0.012899 0.000000 0.000000 0.000000 0.000000 0.018869 0.000000 0.000000 0.000000 0.000000 0.000000 0.000000 0.000714 0.000000 0.000000 0.000000 0.000000 0.000000 0.000000 0.068516 0.169105 0.006905 0.000000 0.000000 0.000000 0.000000 0.000000 0.000000 0.000000 0.000000 0.000000 0.537141 0.000000 0.000544 0.000000 0.000621 0.156285 0.003371 0.000961 0.000000 0.000000 0.000000 0.000000
0.031407 0.063524 0.066333 0.046588 0.110637 0.127084 0.058365 0.073656 0.009176 0.012899 1.000000 0.130871 0.124452 0.157012 0.158846 0.090549 0.102647 0.271164 0.080468 0.108305 0.036192 0.651961 0.140389 0.095279 0.082569 0.125371 0.084785 0.088493 0.087302 0.094069 0.073925 0.113091 0.105198 0.075464 0.109229 0.078958 0.106609 0.107966 0.221232 0.132885 0.045783 0.065998 0.074372 0.118264 0.144449 0.125346 0.185255 0.152063 0.123953 0.147160 0.119085 0.289200 0.280392
0.028261 0.084759 0.072947 0.051920 0.092208 0.107588 0.040029 0.073875 0.004257 0.000000 0.130871 1.000000 0.134656 0.197392 0.226959 0.100058 0.075266 0.177665 0.067210 0.104399 0.042967 0.101092 0.120322 0.082598 0.063826 0.084141 0.057586 0.082356 0.080198 0.116552 0.087332 0.120771 0.091390 0.055639 0.071143 0.063247 0.099614 0.077667 0.209793 0.086706 0.045481 0.054903 0.074440 0.088200 0.116058 0.090471 0.159997 0.135673 0.092467 0.133050 0.081061 0.193981 0.176696
0.082106 0.057236 0.051670 0.098786 0.070837 0.068384 0.038141 0.062423 0.014443 0.000000 0.124452 0.134656 1.000000 0.151757 0.151460 0.066993 0.049961 0.117253 0.037735 0.055193 0.039258 0.099451 0.177147 0.054686 0.035354 0.050258 0.036759 0.048914 0.061422 0.063333 0.062557 0.073617 0.060341 0.144938 0.045810 0.040841 0.059217 0.051692 0.124422 0.051916 0.026856 0.045212 0.037592 0.215850 0.076233 0.209169 0.137122 0.138132 0.217657 0.085509 0.058211 0.139083 0.120992
0.040097 0.112662 0.099059 0.059386 0.130116 0.154699 0.068486 0.099397 0.009610 0.000000 0.157012 0.197392 0.151757 1.000000 0.272838 0.149245 0.109709 0.261431 0.097710 0.150435 0.065697 0.138759 0.161462 0.118987 0.083700 0.122475 0.079738 0.115099 0.117562 0.151094 0.150788 0.171539 0.129550 0.072676 0.117924 0.089723 0.144666 0.117910 0.289960 0.119687 0.069231 0.084060 0.107675 0.119647 0.172206 0.119912 0.245796 0.174253 0.121356 0.193459 0.117167 0.275554 0.258016
0.046894 0.176958 0.104021 0.079719 0.136912 0.170260 0.046938 0.128428 0.020060 0.000000 0.158846 0.226959 0.151460 0.272838 1.000000 0.179792 0.109317 0.248867 0.100228 0.170831 0.077104 0.131490 0.272903 0.121513 0.082596 0.117433 0.076764 0.125071 0.130133 0.174597 0.149519 0.205584 0.141701 0.126390 0.116225 0.097991 0.150482 0.115092 0.326049 0.126572 0.065256 0.099190 0.119538 0.206996 0.169583 0.227223 0.230089 0.180834 0.224306 0.207102 0.119970 0.271699 0.245501
0.029998 0.098697 0.076639 0.057588 0.101294 0.117935 0.041209 0.073489 0.005625 0.018869 0.090549 0.100058 0.066993 0.149245 0.179792 1.000000 0.080918 0.200589 0.084044 0.114439 0.048716 0.093662 0.132441 0.094572 0.076804 0.094897 0.069626 0.094280 0.092943 0.097727 0.104638 0.128643 0.098711 0.067128 0.082819 0.065105 0.100422 0.088272 0.219092 0.091452 0.056942 0.101884 0.082784 0.102347 0.122408 0.103116 0.191292 0.120273 0.105711 0.193387 0.094890 0.235790 0.217467
0.021590 0.039361 0.039778 0.024638 0.110833 0.137038 0.045323 0.081596 0.000000 0.000000 0.102647 0.075266 0.049961 0.109709 0.109317 0.080918 1.000000 0.348545 0.084228 0.106285 0.022096 0.124213 0.072193 0.104669 0.091099 0.135146 0.093635 0.091465 0.088517 0.072311 0.043570 0.104154 0.107254 0.033988 0.113455 0.083364 0.115609 0.110727 0.288691 0.121235 0.042167 0.028465 0.076172 0.055384 0.156790 0.053165 0.135386 0.115011 0.053320 0.153033 0.130175 0.345211 0.333702
0.043293 0.096582 0.100104 0.061901 0.311505 0.320460 0.133807 0.178028 0.007095 0.000000 0.271164 0.177665 0.117253 0.261431 0.248867 0.200589 0.348545 1.000000 0.269716 0.271058 0.056896 0.357250 0.165321 0.294487 0.226201 0.394525 0.281369 0.281328 0.196435 0.170693 0.107396 0.301141 0.346655 0.067568 0.289144 0.195842 0.321485 0.293747 0.627518 0.366156 0.125170 0.068184 0.195284 0.122235 0.423457 0.115361 0.391798 0.327050 0.115640 0.445000 0.402798 0.809254 0.850519
0.017375 0.042167 0.040714 0.024466 0.093097 0.106613 0.035600 0.070938 0.000911 0.000000 0.080468 0.067210 0.037735 0.097710 0.100228 0.084044 0.084228 0.269716 1.000000 0.099709 0.024937 0.095069 0.069010 0.089731 0.079780 0.109840 0.076898 0.084942 0.078254 0.061793 0.047571 0.097718 0.102155 0.028810 0.093608 0.104433 0.097470 0.099732 0.255826 0.102133 0.032283 0.027410 0.079261 0.051660 0.125118 0.050670 0.118531 0.096992 0.050632 0.127344 0.107802 0.274848 0.278905
0.027643 0.073440 0.061020 0.040300 0.121765 0.137146 0.054928 0.094356 0.003270 0.000000 0.108305 0.104399 0.055193 0.150435 0.170831 0.114439 0.106285 0.271058 0.099709 1.000000 0.034663 0.122971 0.110526 0.113482 0.095616 0.139266 0.092297 0.118629 0.100787 0.092484 0.073012 0.133965 0.126137 0.049018 0.119909 0.090991 0.124502 0.125865 0.271737 0.126900 0.083269 0.046383 0.104369 0.083395 0.157908 0.081995 0.174014 0.133970 0.082869 0.167645 0.191107 0.319713 0.332222
0.028900 0.041711 0.045122 0.045451 0.038649 0.049298 0.034026 0.032993 0.000000 0.000000 0.036192 0.042967 0.039258 0.065697 0.077104 0.048716 0.022096 0.056896 0.024937 0.034663 1.000000 0.027603 0.098495 0.025764 0.023019 0.022789 0.018684 0.038349 0.045365 0.054699 0.051126 0.056197 0.037440 0.061529 0.028372 0.023685 0.034414 0.027954 0.074435 0.028584 0.016362 0.036914 0.027236 0.094186 0.039273 0.094405 0.110991 0.054947 0.098715 0.051253 0.026690 0.064266 0.060867
0.037160 0.050322 0.043029 0.046157 0.128137 0.145719 0.058129 0.086766 0.000000 0.000000 0.651961 0.101092 0.099451 0.138759 0.131490 0.093662 0.124213 0.357250 0.095069 0.122971 0.027603 1.000000 0.108395 0.118193 0.098457 0.154667 0.103425 0.102414 0.096139 0.081959 0.056070 0.117733 0.123500 0.064418 0.127030 0.094039 0.128656 0.127218 0.252929 0.191302 0.049919 0.034856 0.085621 0.098055 0.178992 0.094548 0.176498 0.149328 0.095587 0.172922 0.151571 0.358214 0.358507
0.203274 0.142160 0.123733 0.222105 0.146853 0.107573 0.033765 0.151972 0.017568 0.000714 0.140389 0.120322 0.177147 0.161462 0.272903 0.132441 0.072193 0.165321 0.069010 0.110526 0.098495 0.108395 1.000000 0.089909 0.060853 0.079117 0.053079 0.099969 0.111322 0.113399 0.159712 0.153858 0.108376 0.447752 0.070191 0.064776 0.094711 0.088467 0.210853 0.084345 0.047769 0.112067 0.072923 0.694427 0.111420 0.714625 0.224030 0.200880 0.732722 0.142069 0.081719 0.184123 0.175417
0.025940 0.046099 0.046439 0.036204 0.113913 0.137264 0.041400 0.079077 0.000742 0.000000 0.095279 0.082598 0.054686 0.118987 0.121513 0.094572 0.104669 0.294487 0.089731 0.113482 0.025764 0.118193 0.089909 1.000000 0.089884 0.124979 0.094614 0.098047 0.089205 0.072301 0.050773 0.110207 0.112137 0.047794 0.110082 0.082169 0.117109 0.104578 0.279732 0.114247 0.079321 0.032382 0.087742 0.076953 0.152716 0.075954 0.135421 0.114318 0.076465 0.151595 0.124182 0.337015 0.305213
0.014682 0.036288 0.040032 0.020537 0.091581 0.108948 0.036640 0.068071 0.000000 0.000000 0.082569 0.063826 0.035354 0.083700 0.082596 0.076804 0.091099 0.226201 0.079780 0.095616 0.023019 0.098457 0.060853 0.089884 1.000000 0.117255 0.084240 0.082159 0.073873 0.056795 0.043850 0.089766 0.096541 0.024738 0.093191 0.071161 0.096222 0.102599 0.269816 0.103187 0.030356 0.023926 0.073169 0.041847 0.128177 0.040828 0.114054 0.098937 0.040711 0.127242 0.110721 0.288498 0.281015
0.022401 0.040970 0.041924 0.025545 0.140682 0.147116 0.058673 0.089139 0.000000 0.000000 0.125371 0.084141 0.050258 0.122475 0.117433 0.094897 0.135146 0.394525 0.109840 0.139266 0.022789 0.154667 0.079117 0.124979 0.117255 1.000000 0.109220 0.118661 0.092759 0.077910 0.048668 0.125965 0.140362 0.033480 0.167734 0.100642 0.140889 0.147849 0.304125 0.149172 0.045449 0.029180 0.110963 0.058668 0.200307 0.055291 0.156028 0.133882 0.055638 0.177293 0.160495 0.360353 0.458612
0.012902 0.029092 0.028955 0.016860 0.089273 0.117634 0.035839 0.063249 0.000000 0.000000 0.084785 0.057586 0.036759 0.079738 0.076764 0.069626 0.093635 0.281369 0.076898 0.092297 0.018684 0.103425 0.053079 0.094614 0.084240 0.109220 1.000000 0.080204 0.077634 0.050236 0.034513 0.082708 0.092208 0.021085 0.091244 0.074148 0.095980 0.089988 0.232648 0.106006 0.067206 0.019998 0.066332 0.039065 0.128751 0.037775 0.119682 0.093671 0.038349 0.128142 0.115840 0.355102 0.270441
0.022701 0.058427 0.064685 0.057247 0.104431 0.119139 0.041950 0.073685 0.001142 0.000000 0.088493 0.082356 0.048914 0.115099 0.125071 0.094280 0.091465 0.281328 0.084942 0.118629 0.038349 0.102414 0.099969 0.098047 0.082159 0.118661 0.080204 1.000000 0.086236 0.084662 0.063946 0.112954 0.129218 0.042641 0.103088 0.076186 0.104827 0.102331 0.248675 0.105808 0.135241 0.038703 0.084195 0.074106 0.138226 0.072629 0.146018 0.125924 0.074006 0.175762 0.114554 0.290188 0.310446
0.032671 0.078857 0.143557 0.086330 0.099290 0.119466 0.046270 0.082736 0.012437 0.000000 0.087302 0.080198 0.061422 0.117562 0.130133 0.092943 0.088517 0.196435 0.078254 0.100787 0.045365 0.096139 0.111322 0.089205 0.073873 0.092759 0.077634 0.086236 1.000000 0.105615 0.078995 0.114272 0.095229 0.063600 0.088454 0.075812 0.101466 0.093645 0.267357 0.099244 0.044245 0.049691 0.069438 0.097139 0.122384 0.095508 0.171428 0.160079 0.097479 0.141117 0.100029 0.258943 0.224930
0.030666 0.104820 0.411477 0.140238 0.103111 0.103583 0.062117 0.071772 0.000000 0.068516 0.094069 0.116552 0.063333 0.151094 0.174597 0.097727 0.072311 0.170693 0.061793 0.092484 0.054699 0.081959 0.113399 0.072301 0.056795 0.077910 0.050236 0.084662 0.105615 1.000000 0.309339 0.134876 0.127780 0.048754 0.079240 0.061067 0.095475 0.073554 0.196886 0.077492 0.055487 0.222795 0.069075 0.077478 0.113238 0.078976 0.293489 0.267056 0.079253 0.136810 0.073814 0.184634 0.177864
0.053061 0.111763 0.191647 0.114127 0.071489 0.069226 0.068206 0.063965 0.005467 0.169105 0.073925 0.087332 0.062557 0.150788 0.149519 0.104638 0.043570 0.107396 0.047571 0.073012 0.051126 0.056070 0.159712 0.050773 0.043850 0.048668 0.034513 0.063946 0.078995 0.309339 1.000000 0.140848 0.071198 0.098252 0.040471 0.042874 0.064636 0.057152 0.144597 0.051736 0.037817 0.432468 0.052768 0.142012 0.072516 0.142694 0.445410 0.181486 0.145698 0.096467 0.048170 0.128770 0.125389
0.040309 0.097810 0.124539 0.066819 0.124489 0.138946 0.059602 0.104105 0.004403 0.006905 0.113091 0.120771 0.073617 0.171539 0.205584 0.128643 0.104154 0.301141 0.097718 0.133965 0.056197 0.117733 0.153858 0.110207 0.089766 0.125965 0.082708 0.112954 0.114272 0.134876 0.140848 1.000000 0.128108 0.074846 0.109834 0.085475 0.130495 0.114577 0.325955 0.118228 0.133329 0.102607 0.098603 0.120847 0.158588 0.118665 0.244522 0.155425 0.119903 0.191721 0.145074 0.318469 0.316047
0.030524 0.081984 0.061903 0.093793 0.127930 0.128548 0.050576 0.093462 0.003841 0.000000 0.105198 0.091390 0.060341 0.129550 0.141701 0.098711 0.107254 0.346655 0.102155 0.126137 0.037440 0.123500 0.108376 0.112137 0.096541 0.140362 0.092208 0.129218 0.095229 0.127780 0.071198 0.128108 1.000000 0.055615 0.111497 0.088857 0.120439 0.126058 0.285782 0.126592 0.042453 0.042791 0.096742 0.092798 0.161890 0.089613 0.168800 0.146872 0.090154 0.159587 0.130847 0.321059 0.340734
0.237912 0.058881 0.061351 0.222819 0.092659 0.054986 0.014003 0.104212 0.009750 0.000000 0.075464 0.055639 0.144938 0.072676 0.126390 0.067128 0.033988 0.067568 0.028810 0.049018 0.061529 0.064418 0.447752 0.047794 0.024738 0.033480 0.021085 0.042641 0.063600 0.048754 0.098252 0.074846 0.055615 1.000000 0.029035 0.026042 0.040654 0.039311 0.088660 0.036945 0.017655 0.068173 0.037155 0.596811 0.050264 0.593418 0.119466 0.120660 0.604776 0.059463 0.037268 0.077140 0.076927
0.017232 0.037297 0.046255 0.025978 0.118976 0.129578 0.049059 0.082153 0.001329 0.000000 0.109229 0.071143 0.045810 0.117924 0.116225 0.082819 0.113455 0.289144 0.093608 0.119909 0.028372 0.127030 0.070191 0.110082 0.093191 0.167734 0.091244 0.103088 0.088454 0.079240 0.040471 0.109834 0.111497 0.029035 1.000000 0.088201 0.122140 0.116851 0.287373 0.122801 0.038922 0.027154 0.096511 0.053714 0.347333 0.051229 0.138320 0.115561 0.050673 0.154891 0.133484 0.320182 0.368045
0.014001 0.038614 0.033802 0.022360 0.083484 0.110696 0.035951 0.065509 0.000000 0.000000 0.078958 0.063247 0.040841 0.089723 0.097991 0.065105 0.083364 0.195842 0.104433 0.090991 0.023685 0.094039 0.064776 0.082169 0.071161 0.100642 0.074148 0.076186 0.075812 0.061067 0.042874 0.085475 0.088857 0.026042 0.088201 1.000000 0.092756 0.092316 0.240091 0.096462 0.031464 0.024701 0.133180 0.044016 0.115087 0.042535 0.126651 0.090933 0.042621 0.116299 0.100160 0.264587 0.247119
0.023007 0.057195 0.055722 0.034420 0.123960 0.148275 0.047932 0.086812 0.001668 0.000000 0.106609 0.099614 0.059217 0.144666 0.150482 0.100422 0.115609 0.321485 0.097470 0.124502 0.034414 0.128656 0.094711 0.117109 0.096222 0.140889 0.095980 0.104827 0.101466 0.095475 0.064636 0.130495 0.120439 0.040654 0.122140 0.092756 1.000000 0.114576 0.313611 0.127951 0.052107 0.038153 0.101818 0.067657 0.167121 0.066867 0.157091 0.129974 0.066872 0.170962 0.133289 0.350854 0.340892
0.023466 0.084923 0.053520 0.033286 0.113467 0.122303 0.050075 0.442941 0.001234 0.000000 0.107966 0.077667 0.051692 0.117910 0.115092 0.088272 0.110727 0.293747 0.099732 0.125865 0.027954 0.127218 0.088467 0.104578 0.102599 0.147849 0.089988 0.102331 0.093645 0.073554 0.057152 0.114577 0.126058 0.039311 0.116851 0.092316 0.114576 1.000000 0.304628 0.130923 0.036113 0.031935 0.095001 0.068118 0.153840 0.065136 0.145942 0.135875 0.065730 0.154906 0.136485 0.326290 0.397779
0.052428 0.145109 0.143804 0.079995 0.287523 0.303683 0.105015 0.212233 0.007587 0.000000 0.221232 0.209793 0.124422 0.289960 0.326049 0.219092 0.288691 0.627518 0.255826 0.271737 0.074435 0.252929 0.210853 0.279732 0.269816 0.304125 0.232648 0.248675 0.267357 0.196886 0.144597 0.325955 0.285782 0.088660 0.287373 0.240091 0.313611 0.304628 1.000000 0.318459 0.125054 0.088203 0.229186 0.147911 0.352633 0.145976 0.360857 0.337226 0.146497 0.375267 0.316420 0.692040 0.700932
0.021998 0.047239 0.044977 0.031005 0.119058 0.142928 0.048035 0.086164 0.000623 0.000000 0.132885 0.086706 0.051916 0.119687 0.126572 0.091452 0.121235 0.366156 0.102133 0.126900 0.028584 0.191302 0.084345 0.114247 0.103187 0.149172 0.106006 0.105808 0.099244 0.077492 0.051736 0.118228 0.126592 0.036945 0.122801 0.096462 0.127951 0.130923 0.318459 1.000000 0.111505 0.031768 0.091645 0.061987 0.168425 0.060222 0.150052 0.128973 0.060529 0.167947 0.148120 0.378886 0.370113
0.010362 0.034996 0.036506 0.021135 0.070806 0.062992 0.025482 0.028973 0.002793 0.000000 0.045783 0.045481 0.026856 0.069231 0.065256 0.056942 0.042167 0.125170 0.032283 0.083269 0.016362 0.049919 0.047769 0.079321 0.030356 0.045449 0.067206 0.135241 0.044245 0.055487 0.037817 0.133329 0.042453 0.017655 0.038922 0.031464 0.052107 0.036113 0.125054 0.111505 1.000000 0.028820 0.035840 0.030429 0.058486 0.029908 0.090963 0.087429 0.029570 0.089319 0.074203 0.134202 0.130616
0.035298 0.072753 0.077188 0.066938 0.043548 0.044015 0.058064 0.043023 0.008168 0.537141 0.065998 0.054903 0.045212 0.084060 0.099190 0.101884 0.028465 0.068184 0.027410 0.046383 0.036914 0.034856 0.112067 0.032382 0.023926 0.029180 0.019998 0.038703 0.049691 0.222795 0.432468 0.102607 0.042791 0.068173 0.027154 0.024701 0.038153 0.031935 0.088203 0.031768 0.028820 1.000000 0.031086 0.102722 0.045524 0.102652 0.482497 0.095504 0.106476 0.063551 0.030905 0.082327 0.079858
0.016309 0.050264 0.045040 0.026586 0.092836 0.098687 0.038464 0.066686 0.001544 0.000000 0.074372 0.074440 0.037592 0.107675 0.119538 0.082784 0.076172 0.195284 0.079261 0.104369 0.027236 0.085621 0.072923 0.087742 0.073169 0.110963 0.066332 0.084195 0.069438 0.069075 0.052768 0.098603 0.096742 0.037155 0.096511 0.133180 0.101818 0.095001 0.229186 0.091645 0.035840 0.031086 1.000000 0.053276 0.116405 0.051387 0.118864 0.095694 0.051282 0.121884 0.094945 0.217195 0.286684
0.273218 0.107095 0.099057 0.304644 0.141135 0.080575 0.027938 0.158180 0.020833 0.000544 0.118264 0.088200 0.215850 0.119647 0.206996 0.102347 0.055384 0.122235 0.051660 0.083395 0.094186 0.098055 0.694427 0.076953 0.041847 0.058668 0.039065 0.074106 0.097139 0.077478 0.142012 0.120847 0.092798 0.596811 0.053714 0.044016 0.067657 0.068118 0.147911 0.061987 0.030429 0.102722 0.053276 1.000000 0.084003 0.943694 0.185100 0.179062 0.963259 0.101392 0.065564 0.136387 0.135811
0.031573 0.064876 0.068703 0.040905 0.159774 0.187699 0.066164 0.113011 0.003739 0.000000 0.144449 0.116058 0.076233 0.172206 0.169583 0.122408 0.156790 0.423457 0.125118 0.157908 0.039273 0.178992 0.111420 0.152716 0.128177 0.200307 0.128751 0.138226 0.122384 0.113238 0.072516 0.158588 0.161890 0.050264 0.347333 0.115087 0.167121 0.153840 0.352633 0.168425 0.058486 0.045524 0.116405 0.084003 1.000000 0.082342 0.208324 0.167931 0.081935 0.222105 0.183178 0.452773 0.434971
0.267853 0.117558 0.102621 0.297286 0.137864 0.079808 0.026134 0.155527 0.015921 0.000621 0.125346 0.090471 0.209169 0.119912 0.227223 0.103116 0.053165 0.115361 0.050670 0.081995 0.094405 0.094548 0.714625 0.075954 0.040828 0.055291 0.037775 0.072629 0.095508 0.078976 0.142694 0.118665 0.089613 0.593418 0.051229 0.042535 0.066867 0.065136 0.145976 0.060222 0.029908 0.102652 0.051387 0.943694 0.082342 1.000000 0.181079 0.175387 0.980447 0.099439 0.061723 0.131018 0.127124
0.061734 0.179721 0.173357 0.155260 0.158169 0.174408 0.399177 0.126757 0.009540 0.156285 0.185255 0.159997 0.137122 0.245796 0.230089 0.191292 0.135386 0.391798 0.118531 0.174014 0.110991 0.176498 0.224030 0.135421 0.114054 0.156028 0.119682 0.146018 0.171428 0.293489 0.445410 0.244522 0.168800 0.119466 0.138320 0.126651 0.157091 0.145942 0.360857 0.150052 0.090963 0.482497 0.118864 0.185100 0.208324 0.181079 1.000000 0.318082 0.185762 0.281646 0.199909 0.469723 0.468576
0.089364 0.236863 0.284366 0.140637 0.135141 0.143744 0.061593 0.113713 0.004698 0.003371 0.152063 0.135673 0.138132 0.174253 0.180834 0.120273 0.115011 0.327050 0.096992 0.133970 0.054947 0.149328 0.200880 0.114318 0.098937 0.133882 0.093671 0.125924 0.160079 0.267056 0.181486 0.155425 0.146872 0.120660 0.115561 0.090933 0.129974 0.135875 0.337226 0.128973 0.087429 0.095504 0.095694 0.179062 0.167931 0.175387 0.318082 1.000000 0.179572 0.226063 0.171395 0.415201 0.390195
0.274208 0.113623 0.103610 0.305024 0.141532 0.080063 0.026762 0.157745 0.016571 0.000961 0.123953 0.092467 0.217657 0.121356 0.224306 0.105711 0.053320 0.115640 0.050632 0.082869 0.098715 0.095587 0.732722 0.076465 0.040711 0.055638 0.038349 0.074006 0.097479 0.079253 0.145698 0.119903 0.090154 0.604776 0.050673 0.042621 0.066872 0.065730 0.146497 0.060529 0.029570 0.106476 0.051282 0.963259 0.081935 0.980447 0.185762 0.179572 1.000000 0.100478 0.062057 0.131172 0.127525
0.036339 0.089518 0.153378 0.067074 0.159556 0.194611 0.063165 0.119675 0.002537 0.000000 0.147160 0.133050 0.085509 0.193459 0.207102 0.193387 0.153033 0.445000 0.127344 0.167645 0.051253 0.172922 0.142069 0.151595 0.127242 0.177293 0.128142 0.175762 0.141117 0.136810 0.096467 0.191721 0.159587 0.059463 0.154891 0.116299 0.170962 0.154906 0.375267 0.167947 0.089319 0.063551 0.121884 0.101392 0.222105 0.099439 0.281646 0.226063 0.100478 1.000000 0.243550 0.545261 0.492462
0.023414 0.045569 0.045412 0.028195 0.126709 0.154250 0.049478 0.094311 0.000000 0.000000 0.119085 0.081061 0.058211 0.117167 0.119970 0.094890 0.130175 0.402798 0.107802 0.191107 0.026690 0.151571 0.081719 0.124182 0.110721 0.160495 0.115840 0.114554 0.100029 0.073814 0.048170 0.145074 0.130847 0.037268 0.133484 0.100160 0.133289 0.136485 0.316420 0.148120 0.074203 0.030905 0.094945 0.065564 0.183178 0.061723 0.199909 0.171395 0.062057 0.243550 1.000000 0.501514 0.484143
0.047601 0.122397 0.122123 0.072061 0.318728 0.403083 0.135216 0.235727 0.006134 0.000000 0.289200 0.193981 0.139083 0.275554 0.271699 0.235790 0.345211 0.809254 0.274848 0.319713 0.064266 0.358214 0.184123 0.337015 0.288498 0.360353 0.355102 0.290188 0.258943 0.184634 0.128770 0.318469 0.321059 0.077140 0.320182 0.264587 0.350854 0.326290 0.692040 0.378886 0.134202 0.082327 0.217195 0.136387 0.452773 0.131018 0.469723 0.415201 0.131172 0.545261 0.501514 1.000000 0.865492
0.052086 0.112894 0.115276 0.073496 0.357946 0.323508 0.216829 0.219814 0.005724 0.000000 0.280392 0.176696 0.120992 0.258016 0.245501 0.217467 0.333702 0.850519 0.278905 0.332222 0.060867 0.358507 0.175417 0.305213 0.281015 0.458612 0.270441 0.310446 0.224930 0.177864 0.125389 0.316047 0.340734 0.076927 0.368045 0.247119 0.340892 0.397779 0.700932 0.370113 0.130616 0.079858 0.286684 0.135811 0.434971 0.127124 0.468576 0.390195 0.127525 0.492462 0.484143 0.865492 1.000000
