1.000000 0.010877 0.008337 0.005945 0.074206 0.172963 0.002703 0.021840 0.000000 0.003099 0.158242
0.010877 1.000000 0.041304 0.008111 0.019527 0.187254 0.090825 0.330127 0.040684 0.052315 0.027953
0.008337 0.041304 1.000000 0.006945 0.021293 0.272038 0.211065 0.132071 0.000000 0.168941 0.041018
0.005945 0.008111 0.006945 1.000000 0.606039 0.024438 0.008467 0.059621 0.002144 0.047833 0.296058
0.074206 0.019527 0.021293 0.606039 1.000000 0.089952 0.047782 0.107513 0.006451 0.072799 0.321784
0.172963 0.187254 0.272038 0.024438 0.089952 1.000000 0.406744 0.382931 0.008442 0.323858 0.165742
0.002703 0.090825 0.211065 0.008467 0.047782 0.406744 1.000000 0.513756 0.030332 0.267386 0.082251
0.021840 0.330127 0.132071 0.059621 0.107513 0.382931 0.513756 1.000000 0.169075 0.253581 0.125448
0.000000 0.040684 0.000000 0.002144 0.006451 0.008442 0.030332 0.169075 1.000000 0.000000 0.000545
0.003099 0.052315 0.168941 0.047833 0.072799 0.323858 0.267386 0.253581 0.000000 1.000000 0.086821
0.158242 0.027953 0.041018 0.296058 0.321784 0.165742 0.082251 0.125448 0.000545 0.086821 1.000000
