1.000000 0.134300 0.045947 0.358647 0.352949 0.105266
0.134300 1.000000 0.036626 0.262180 0.217335 0.044947
0.045947 0.036626 1.000000 0.162867 0.184509 0.045439
0.358647 0.262180 0.162867 1.000000 0.834690 0.307511
0.352949 0.217335 0.184509 0.834690 1.000000 0.225007
0.105266 0.044947 0.045439 0.307511 0.225007 1.000000
