1.000000 0.930090 0.772191 0.454326 0.017938 0.049003 0.119048 0.241945 0.008498 0.077556 0.071578
0.930090 1.000000 0.733289 0.451864 0.010754 0.036294 0.125207 0.250138 0.006843 0.069756 0.070147
0.772191 0.733289 1.000000 0.361972 0.026491 0.062007 0.064176 0.157423 0.010822 0.081121 0.049552
0.454326 0.451864 0.361972 1.000000 0.048755 0.082195 0.085323 0.200801 0.034926 0.137987 0.078208
0.017938 0.010754 0.026491 0.048755 1.000000 0.992092 0.363661 0.332858 0.299976 0.244293 0.828425
0.049003 0.036294 0.062007 0.082195 0.992092 1.000000 0.354762 0.331189 0.292107 0.252880 0.817375
0.119048 0.125207 0.064176 0.085323 0.363661 0.354762 1.000000 0.976149 0.285050 0.230684 0.783180
0.241945 0.250138 0.157423 0.200801 0.332858 0.331189 0.976149 1.000000 0.260706 0.232496 0.746931
0.008498 0.006843 0.010822 0.034926 0.299976 0.292107 0.285050 0.260706 1.000000 0.895447 0.543534
0.077556 0.069756 0.081121 0.137987 0.244293 0.252880 0.230684 0.232496 0.895447 1.000000 0.458534
0.071578 0.070147 0.049552 0.078208 0.828425 0.817375 0.783180 0.746931 0.543534 0.458534 1.000000
