1.000000 0.626726 0.161320 0.161045 0.143499 0.097819 0.158767 0.216038 0.129586 0.118262 0.164423 0.197101 0.194834 0.184674 0.148126 0.163183 0.184370 0.189039 0.190650 0.147361 0.169024 0.158308 0.295176 0.146506 0.301805 0.274415 0.756694 0.145751 0.615357 0.156557 0.238554 0.233149 0.235491 0.218696 0.239096 0.508220
0.626726 1.000000 0.165042 0.161872 0.145777 0.117406 0.155659 0.220350 0.124725 0.118121 0.164004 0.194465 0.190432 0.186707 0.168055 0.166795 0.200883 0.201530 0.203344 0.147491 0.164915 0.156514 0.299340 0.145729 0.291836 0.277559 0.527230 0.145693 0.995872 0.151889 0.264116 0.287589 0.235755 0.234088 0.243828 0.582763
0.161320 0.165042 1.000000 0.089410 0.079776 0.055262 0.087852 0.119323 0.059657 0.065153 0.089770 0.108009 0.106641 0.112370 0.073131 0.088621 0.101751 0.081020 0.080066 0.082721 0.094234 0.087779 0.158664 0.082206 0.165902 0.150784 0.147418 0.081895 0.159673 0.086442 0.131417 0.127483 0.123601 0.121502 0.133336 0.272358
0.161045 0.161872 0.089410 1.000000 0.079417 0.054690 0.087685 0.118714 0.059586 0.065129 0.089919 0.108175 0.106873 0.102307 0.072150 0.089346 0.100818 0.080498 0.079546 0.081123 0.093233 0.095548 0.158321 0.081795 0.165905 0.150338 0.146509 0.081270 0.156527 0.086289 0.129564 0.125273 0.123403 0.120257 0.132376 0.275609
0.143499 0.145777 0.079776 0.079417 1.000000 0.046739 0.078100 0.105747 0.052945 0.058397 0.080386 0.096757 0.095511 0.091211 0.064731 0.080343 0.090300 0.072049 0.071285 0.072440 0.083211 0.077905 0.140859 0.072287 0.147744 0.134182 0.130565 0.072002 0.140994 0.076932 0.116241 0.112986 0.109866 0.107651 0.117861 0.247304
0.097819 0.117406 0.055262 0.054690 0.046739 1.000000 0.050451 0.074734 0.033787 0.038909 0.072847 0.069047 0.068471 0.061182 0.053079 0.082844 0.075503 0.054516 0.053214 0.048852 0.052583 0.049489 0.088861 0.047449 0.093570 0.088890 0.093420 0.046310 0.113827 0.048640 0.090726 0.092669 0.068628 0.078702 0.080894 0.242881
0.158767 0.155659 0.087852 0.087685 0.078100 0.050451 1.000000 0.116959 0.059225 0.064314 0.088671 0.107317 0.106069 0.101346 0.069550 0.087075 0.098108 0.078780 0.077947 0.080399 0.092646 0.086878 0.157333 0.081393 0.176034 0.148774 0.143640 0.080658 0.150410 0.085798 0.125915 0.120392 0.122879 0.117563 0.129915 0.292071
0.216038 0.220350 0.119323 0.118714 0.105747 0.074734 0.116959 1.000000 0.085150 0.086919 0.120788 0.145377 0.143629 0.137341 0.100739 0.119831 0.135615 0.124541 0.113663 0.108798 0.129812 0.116767 0.212220 0.108519 0.222084 0.201480 0.196307 0.107662 0.213264 0.115057 0.175509 0.169416 0.166895 0.163475 0.182353 0.361291
0.129586 0.124725 0.059657 0.059586 0.052945 0.033787 0.059225 0.085150 1.000000 0.046945 0.063912 0.098906 0.098272 0.071627 0.355338 0.059114 0.066904 0.861873 0.850481 0.054908 0.063098 0.059026 0.352453 0.055926 0.126691 0.117110 0.105774 0.055621 0.121595 0.058351 0.085367 0.130402 0.742363 0.080035 0.092073 0.235726
0.118262 0.118121 0.065153 0.065129 0.058397 0.038909 0.064314 0.086919 0.046945 1.000000 0.759973 0.891950 0.894091 0.074598 0.054643 0.064392 0.074307 0.071748 0.062269 0.059350 0.068439 0.064095 0.126223 0.059182 0.121947 0.120381 0.106988 0.058727 0.114233 0.063395 0.094424 0.092339 0.092211 0.088209 0.096427 0.189700
0.164423 0.164004 0.089770 0.089919 0.080386 0.072847 0.088671 0.120788 0.063912 0.759973 1.000000 0.678333 0.678239 0.103523 0.075231 0.112109 0.102588 0.091776 0.085273 0.081342 0.093937 0.087711 0.206488 0.081660 0.185755 0.212422 0.149167 0.081445 0.158397 0.087226 0.133599 0.126343 0.127715 0.122109 0.133588 0.265710
0.197101 0.194465 0.108009 0.108175 0.096757 0.069047 0.107317 0.145377 0.098906 0.891950 0.678333 1.000000 0.995983 0.124077 0.104937 0.114122 0.122070 0.143514 0.127039 0.098515 0.114098 0.106684 0.222722 0.099315 0.205069 0.192133 0.177650 0.098078 0.187998 0.105838 0.156767 0.152662 0.163724 0.145568 0.160060 0.311548
0.194834 0.190432 0.106641 0.106873 0.095511 0.068471 0.106069 0.143629 0.098272 0.894091 0.678239 0.995983 1.000000 0.122541 0.103564 0.112672 0.120470 0.142335 0.125775 0.097222 0.112780 0.105427 0.220449 0.097947 0.202551 0.188917 0.175241 0.096589 0.184014 0.104699 0.153854 0.149610 0.162146 0.143405 0.157994 0.306845
0.184674 0.186707 0.112370 0.102307 0.091211 0.061182 0.101346 0.137341 0.071627 0.074598 0.103523 0.124077 0.122541 1.000000 0.083270 0.101864 0.114867 0.094141 0.093065 0.096307 0.108052 0.101484 0.202828 0.099028 0.190616 0.172935 0.169206 0.097968 0.180582 0.099075 0.151889 0.143956 0.154943 0.139812 0.154755 0.345613
0.148126 0.168055 0.073131 0.072150 0.064731 0.053079 0.069550 0.100739 0.355338 0.054643 0.075231 0.104937 0.103564 0.083270 1.000000 0.074178 0.090335 0.728520 0.746797 0.066594 0.073761 0.070210 0.176746 0.068942 0.141014 0.133046 0.134366 0.069681 0.164048 0.067596 0.113514 0.637341 0.231149 0.103527 0.111675 0.389405
0.163183 0.166795 0.088621 0.089346 0.080343 0.082844 0.087075 0.119831 0.059114 0.064392 0.112109 0.114122 0.112672 0.101864 0.074178 1.000000 0.106059 0.082910 0.081709 0.080654 0.092277 0.086617 0.156695 0.079870 0.164962 0.150880 0.148878 0.079459 0.160896 0.085644 0.134348 0.128091 0.122446 0.123063 0.132499 0.343436
0.184370 0.200883 0.101751 0.100818 0.090300 0.075503 0.098108 0.135615 0.066904 0.074307 0.102588 0.122070 0.120470 0.114867 0.090335 0.106059 1.000000 0.095363 0.094912 0.090480 0.103450 0.098014 0.176438 0.089883 0.184635 0.172267 0.170205 0.089641 0.194854 0.096180 0.151317 0.155615 0.137491 0.139554 0.150217 0.316024
0.189039 0.201530 0.081020 0.080498 0.072049 0.054516 0.078780 0.124541 0.861873 0.071748 0.091776 0.143514 0.142335 0.094141 0.728520 0.082910 0.095363 1.000000 0.996669 0.073471 0.083641 0.078745 0.326832 0.073537 0.170457 0.160552 0.158289 0.073220 0.197645 0.077318 0.121244 0.412625 0.602333 0.112121 0.127239 0.368867
0.190650 0.203344 0.080066 0.079546 0.071285 0.053214 0.077947 0.113663 0.850481 0.062269 0.085273 0.127039 0.125775 0.093065 0.746797 0.081709 0.094912 0.996669 1.000000 0.073007 0.082870 0.077899 0.322649 0.072762 0.168830 0.158882 0.159263 0.072461 0.199579 0.076543 0.120263 0.430538 0.594140 0.110933 0.126967 0.371953
0.147361 0.147491 0.082721 0.081123 0.072440 0.048852 0.080399 0.108798 0.054908 0.059350 0.081342 0.098515 0.097222 0.096307 0.066594 0.080654 0.090480 0.073471 0.073007 1.000000 0.087528 0.080333 0.145275 0.078715 0.151582 0.137325 0.135041 0.078395 0.142547 0.078920 0.120483 0.113730 0.113653 0.110871 0.122068 0.290808
0.169024 0.164915 0.094234 0.093233 0.083211 0.052583 0.092646 0.129812 0.063098 0.068439 0.093937 0.114098 0.112780 0.108052 0.073761 0.092277 0.103450 0.083641 0.082870 0.087528 1.000000 0.092317 0.167512 0.086808 0.175894 0.158096 0.153012 0.086097 0.159278 0.091580 0.134309 0.127629 0.130957 0.125004 0.142363 0.418742
0.158308 0.156514 0.087779 0.095548 0.077905 0.049489 0.086878 0.116767 0.059026 0.064095 0.087711 0.106684 0.105427 0.101484 0.070210 0.086617 0.098014 0.078745 0.077899 0.080333 0.092317 1.000000 0.156805 0.081431 0.164160 0.148010 0.143563 0.080866 0.151226 0.085397 0.126256 0.120922 0.122307 0.117835 0.130042 0.256669
0.295176 0.299340 0.158664 0.158321 0.140859 0.088861 0.157333 0.212220 0.352453 0.126223 0.206488 0.222722 0.220449 0.202828 0.176746 0.156695 0.176438 0.326832 0.322649 0.145275 0.167512 0.156805 1.000000 0.146949 0.321163 0.316489 0.263426 0.145898 0.290311 0.155102 0.229885 0.224364 0.480663 0.211794 0.235395 0.480392
0.146506 0.145729 0.082206 0.081795 0.072287 0.047449 0.081393 0.108519 0.055926 0.059182 0.081660 0.099315 0.097947 0.099028 0.068942 0.079870 0.089883 0.073537 0.072762 0.078715 0.086808 0.081431 0.146949 1.000000 0.152429 0.137408 0.134912 0.085113 0.140812 0.079185 0.120620 0.111836 0.114973 0.110870 0.122835 0.256057
0.301805 0.291836 0.165902 0.165905 0.147744 0.093570 0.176034 0.222084 0.126691 0.121947 0.185755 0.205069 0.202551 0.190616 0.141014 0.164962 0.184635 0.170457 0.168830 0.151582 0.175894 0.164160 0.321163 0.152429 1.000000 0.797733 0.272364 0.150997 0.281896 0.163415 0.371375 0.227045 0.239953 0.221239 0.416368 0.518453
0.274415 0.277559 0.150784 0.150338 0.134182 0.088890 0.148774 0.201480 0.117110 0.120381 0.212422 0.192133 0.188917 0.172935 0.133046 0.150880 0.172267 0.160552 0.158882 0.137325 0.158096 0.148010 0.316489 0.137408 0.797733 1.000000 0.250071 0.136510 0.268612 0.146569 0.345703 0.215021 0.217655 0.203664 0.275563 0.477883
0.756694 0.527230 0.147418 0.146509 0.130565 0.093420 0.143640 0.196307 0.105774 0.106988 0.149167 0.177650 0.175241 0.169206 0.134366 0.148878 0.170205 0.158289 0.159263 0.135041 0.153012 0.143563 0.263426 0.134912 0.272364 0.250071 1.000000 0.134683 0.512149 0.141183 0.224906 0.227088 0.207102 0.200761 0.218620 0.474407
0.145751 0.145693 0.081895 0.081270 0.072002 0.046310 0.080658 0.107662 0.055621 0.058727 0.081445 0.098078 0.096589 0.097968 0.069681 0.079459 0.089641 0.073220 0.072461 0.078395 0.086097 0.080866 0.145898 0.085113 0.150997 0.136510 0.134683 1.000000 0.140795 0.078440 0.120335 0.111650 0.114268 0.110719 0.122607 0.265837
0.615357 0.995872 0.159673 0.156527 0.140994 0.113827 0.150410 0.213264 0.121595 0.114233 0.158397 0.187998 0.184014 0.180582 0.164048 0.160896 0.194854 0.197645 0.199579 0.142547 0.159278 0.151226 0.290311 0.140812 0.281896 0.268612 0.512149 0.140795 1.000000 0.146697 0.256629 0.280421 0.228781 0.226973 0.235906 0.568863
0.156557 0.151889 0.086442 0.086289 0.076932 0.048640 0.085798 0.115057 0.058351 0.063395 0.087226 0.105838 0.104699 0.099075 0.067596 0.085644 0.096180 0.077318 0.076543 0.078920 0.091580 0.085397 0.155102 0.079185 0.163415 0.146569 0.141183 0.078440 0.146697 1.000000 0.122932 0.117491 0.121157 0.115179 0.131437 0.258387
0.238554 0.264116 0.131417 0.129564 0.116241 0.090726 0.125915 0.175509 0.085367 0.094424 0.133599 0.156767 0.153854 0.151889 0.113514 0.134348 0.151317 0.121244 0.120263 0.120483 0.134309 0.126256 0.229885 0.120620 0.371375 0.345703 0.224906 0.120335 0.256629 0.122932 1.000000 0.202723 0.176295 0.182625 0.213505 0.667693
0.233149 0.287589 0.127483 0.125273 0.112986 0.092669 0.120392 0.169416 0.130402 0.092339 0.126343 0.152662 0.149610 0.143956 0.637341 0.128091 0.155615 0.412625 0.430538 0.113730 0.127629 0.120922 0.224364 0.111836 0.227045 0.215021 0.227088 0.111650 0.280421 0.117491 0.202723 1.000000 0.189068 0.180478 0.189544 0.625005
0.235491 0.235755 0.123601 0.123403 0.109866 0.068628 0.122879 0.166895 0.742363 0.092211 0.127715 0.163724 0.162146 0.154943 0.231149 0.122446 0.137491 0.602333 0.594140 0.113653 0.130957 0.122307 0.480663 0.114973 0.239953 0.217655 0.207102 0.114268 0.228781 0.121157 0.176295 0.189068 1.000000 0.165192 0.186018 0.414091
0.218696 0.234088 0.121502 0.120257 0.107651 0.078702 0.117563 0.163475 0.080035 0.088209 0.122109 0.145568 0.143405 0.139812 0.103527 0.123063 0.139554 0.112121 0.110933 0.110871 0.125004 0.117835 0.211794 0.110870 0.221239 0.203664 0.200761 0.110719 0.226973 0.115179 0.182625 0.180478 0.165192 1.000000 0.179967 0.465685
0.239096 0.243828 0.133336 0.132376 0.117861 0.080894 0.129915 0.182353 0.092073 0.096427 0.133588 0.160060 0.157994 0.154755 0.111675 0.132499 0.150217 0.127239 0.126967 0.122068 0.142363 0.130042 0.235395 0.122835 0.416368 0.275563 0.218620 0.122607 0.235906 0.131437 0.213505 0.189544 0.186018 0.179967 1.000000 0.416542
0.508220 0.582763 0.272358 0.275609 0.247304 0.242881 0.292071 0.361291 0.235726 0.189700 0.265710 0.311548 0.306845 0.345613 0.389405 0.343436 0.316024 0.368867 0.371953 0.290808 0.418742 0.256669 0.480392 0.256057 0.518453 0.477883 0.474407 0.265837 0.568863 0.258387 0.667693 0.625005 0.414091 0.465685 0.416542 1.000000
