1.000000 0.487894 0.101968 0.032292 0.264511 0.393984
0.487894 1.000000 0.247069 0.137780 0.309216 0.148258
0.101968 0.247069 1.000000 0.453119 0.145018 0.035592
0.032292 0.137780 0.453119 1.000000 0.146887 0.042048
0.264511 0.309216 0.145018 0.146887 1.000000 0.186979
0.393984 0.148258 0.035592 0.042048 0.186979 1.000000
