1.000000 0.254650 0.313095 0.005661 0.020159 0.121712 0.090169
0.254650 1.000000 0.417318 0.001200 0.006157 0.011625 0.005443
0.313095 0.417318 1.000000 0.001485 0.004377 0.053252 0.003684
0.005661 0.001200 0.001485 1.000000 0.002107 0.001826 0.151188
0.020159 0.006157 0.004377 0.002107 1.000000 0.306909 0.045218
0.121712 0.011625 0.053252 0.001826 0.306909 1.000000 0.079318
0.090169 0.005443 0.003684 0.151188 0.045218 0.079318 1.000000
