1.000000 0.084207 0.854503 0.227226 0.574895 0.161748 0.138915 0.089922
0.084207 1.000000 0.081383 0.351760 0.174847 0.162101 0.194574 0.310542
0.854503 0.081383 1.000000 0.216642 0.553819 0.168456 0.189168 0.090629
0.227226 0.351760 0.216642 1.000000 0.236642 0.168529 0.194169 0.209273
0.574895 0.174847 0.553819 0.236642 1.000000 0.545335 0.376997 0.274807
0.161748 0.162101 0.168456 0.168529 0.545335 1.000000 0.414487 0.338755
0.138915 0.194574 0.189168 0.194169 0.376997 0.414487 1.000000 0.258415
0.089922 0.310542 0.090629 0.209273 0.274807 0.338755 0.258415 1.000000
