1.000000 0.787234 0.671323 0.671323 0.699947 0.856693
0.787234 1.000000 0.945372 0.945372 0.971638 0.903482
0.671323 0.945372 1.000000 1.000000 0.976234 0.851412
0.671323 0.945372 1.000000 1.000000 0.976234 0.851412
0.699947 0.971638 0.976234 0.976234 1.000000 0.858758
0.856693 0.903482 0.851412 0.851412 0.858758 1.000000
