1.000000 0.993771 0.598198 0.873261 0.799892 0.822361 0.873261
0.993771 1.000000 0.601948 0.878735 0.804906 0.827515 0.878735
0.598198 0.601948 1.000000 0.724625 0.716571 0.734425 0.724625
0.873261 0.878735 0.724625 1.000000 0.971410 0.991342 1.000000
0.799892 0.804906 0.716571 0.971410 1.000000 0.979575 0.971410
0.822361 0.827515 0.734425 0.991342 0.979575 1.000000 0.991342
0.873261 0.878735 0.724625 1.000000 0.971410 0.991342 1.000000
