1.000000 0.879848 0.262636 0.254481 0.240438 0.509437 0.214161
0.879848 1.000000 0.200586 0.213672 0.183709 0.413553 0.190038
0.262636 0.200586 1.000000 0.988503 0.312730 0.809524 0.278083
0.254481 0.213672 0.988503 1.000000 0.302868 0.795413 0.278369
0.240438 0.183709 0.312730 0.302868 1.000000 0.769996 0.970756
0.509437 0.413553 0.809524 0.795413 0.769996 1.000000 0.727254
0.214161 0.190038 0.278083 0.278369 0.970756 0.727254 1.000000
