1.000000 0.189684 0.524338 0.118499 0.118499 0.372037 0.243891 0.155492 0.291522
0.189684 1.000000 0.153128 0.044679 0.044679 0.182288 0.230465 0.195081 0.174614
0.524338 0.153128 1.000000 0.302578 0.302578 0.319073 0.210016 0.119357 0.323677
0.118499 0.044679 0.302578 1.000000 1.000000 0.302503 0.046850 0.011578 0.085069
0.118499 0.044679 0.302578 1.000000 1.000000 0.302503 0.046850 0.011578 0.085069
0.372037 0.182288 0.319073 0.302503 0.302503 1.000000 0.474220 0.163951 0.183543
0.243891 0.230465 0.210016 0.046850 0.046850 0.474220 1.000000 0.226082 0.165690
0.155492 0.195081 0.119357 0.011578 0.011578 0.163951 0.226082 1.000000 0.345229
0.291522 0.174614 0.323677 0.085069 0.085069 0.183543 0.165690 0.345229 1.000000
