1.000000 0.679119 0.076410 0.825331 0.195826 0.122635 0.223339 0.520567
0.679119 1.000000 0.088874 0.781856 0.232233 0.152093 0.310083 0.413223
0.076410 0.088874 1.000000 0.234906 0.191527 0.116914 0.123108 0.140490
0.825331 0.781856 0.234906 1.000000 0.384923 0.223947 0.350021 0.603937
0.195826 0.232233 0.191527 0.384923 1.000000 0.621911 0.383368 0.529089
0.122635 0.152093 0.116914 0.223947 0.621911 1.000000 0.263673 0.375020
0.223339 0.310083 0.123108 0.350021 0.383368 0.263673 1.000000 0.412675
0.520567 0.413223 0.140490 0.603937 0.529089 0.375020 0.412675 1.000000
