1.000000 0.935044 0.388325 0.388325 0.325335 0.944111
0.935044 1.000000 0.346287 0.346287 0.358517 0.876771
0.388325 0.346287 1.000000 1.000000 0.797052 0.670381
0.388325 0.346287 1.000000 1.000000 0.797052 0.670381
0.325335 0.358517 0.797052 0.797052 1.000000 0.547066
0.944111 0.876771 0.670381 0.670381 0.547066 1.000000
