1.000000 0.165107 0.159701 0.106250 0.359934 0.351265
0.165107 1.000000 0.141619 0.122188 0.376372 0.251337
0.159701 0.141619 1.000000 0.264747 0.312970 0.341091
0.106250 0.122188 0.264747 1.000000 0.267234 0.208732
0.359934 0.376372 0.312970 0.267234 1.000000 0.437445
0.351265 0.251337 0.341091 0.208732 0.437445 1.000000
