1.000000 0.665217 0.071412 0.072210 0.166114 0.834734 0.103892 0.093534 0.072443 0.052629 0.085823 0.222587 0.574219
0.665217 1.000000 0.079576 0.081192 0.196179 0.783829 0.128020 0.104865 0.085507 0.063473 0.101568 0.317899 0.434902
0.071412 0.079576 1.000000 0.680139 0.115280 0.261851 0.082393 0.072727 0.060265 0.038250 0.099003 0.084160 0.104514
0.072210 0.081192 0.680139 1.000000 0.171718 0.216809 0.100766 0.093396 0.109623 0.078000 0.129762 0.113756 0.135896
0.166114 0.196179 0.115280 0.171718 1.000000 0.340253 0.604758 0.331306 0.260468 0.215757 0.362353 0.358473 0.502032
0.834734 0.783829 0.261851 0.216809 0.340253 1.000000 0.191776 0.218972 0.156557 0.126002 0.217391 0.346380 0.634872
0.103892 0.128020 0.082393 0.100766 0.604758 0.191776 1.000000 0.169835 0.153919 0.137544 0.204970 0.244805 0.350105
0.093534 0.104865 0.072727 0.093396 0.331306 0.218972 0.169835 1.000000 0.139789 0.112833 0.178898 0.185152 0.216171
0.072443 0.085507 0.060265 0.109623 0.260468 0.156557 0.153919 0.139789 1.000000 0.422553 0.340013 0.159395 0.283865
0.052629 0.063473 0.038250 0.078000 0.215757 0.126002 0.137544 0.112833 0.422553 1.000000 0.267204 0.139438 0.351945
0.085823 0.101568 0.099003 0.129762 0.362353 0.217391 0.204970 0.178898 0.340013 0.267204 1.000000 0.248328 0.492164
0.222587 0.317899 0.084160 0.113756 0.358473 0.346380 0.244805 0.185152 0.159395 0.139438 0.248328 1.000000 0.411577
0.574219 0.434902 0.104514 0.135896 0.502032 0.634872 0.350105 0.216171 0.283865 0.351945 0.492164 0.411577 1.000000
