1.000000 0.014999 0.278624 0.618136 0.831639 0.040985 0.018306 0.006629 0.088740 0.052239 0.025861 0.096062 0.590775 0.031921 0.766113 0.221406 0.073670 0.597497 0.679795 0.288551 0.099577 0.337161
0.014999 1.000000 0.021727 0.016515 0.009725 0.297379 0.559077 0.850100 0.152458 0.501908 0.574386 0.016669 0.017009 0.769257 0.014621 0.024522 0.152891 0.092556 0.039733 0.028034 0.148753 0.094494
0.278624 0.021727 1.000000 0.508663 0.230072 0.084130 0.024031 0.013690 0.117314 0.035816 0.038717 0.297504 0.215735 0.026289 0.342248 0.607545 0.180635 0.577510 0.272677 0.579617 0.174998 0.357032
0.618136 0.016515 0.508663 1.000000 0.747927 0.044875 0.018188 0.007052 0.095222 0.045109 0.025904 0.285046 0.662040 0.028278 0.701475 0.496486 0.124086 0.759604 0.675124 0.607284 0.110712 0.404206
0.831639 0.009725 0.230072 0.747927 1.000000 0.019610 0.011482 0.002336 0.063163 0.042794 0.014656 0.087069 0.666130 0.024534 0.797565 0.206658 0.040762 0.597595 0.692531 0.318421 0.037967 0.299108
0.040985 0.297379 0.084130 0.044875 0.019610 1.000000 0.364846 0.244629 0.291656 0.409418 0.496240 0.046988 0.018134 0.373150 0.029003 0.076894 0.500134 0.134909 0.120634 0.086383 0.478878 0.298951
0.018306 0.559077 0.024031 0.018188 0.011482 0.364846 1.000000 0.478943 0.180952 0.583864 0.695366 0.016235 0.009586 0.698660 0.012679 0.025363 0.144237 0.099359 0.039732 0.028774 0.135534 0.104704
0.006629 0.850100 0.013690 0.007052 0.002336 0.244629 0.478943 1.000000 0.117238 0.438900 0.542234 0.009329 0.003301 0.717107 0.004113 0.014154 0.074706 0.069639 0.017431 0.015614 0.076747 0.055535
0.088740 0.152458 0.117314 0.095222 0.063163 0.291656 0.180952 0.117238 1.000000 0.366744 0.249274 0.053009 0.052756 0.278854 0.067014 0.097114 0.322147 0.216353 0.241665 0.106206 0.299276 0.504577
0.052239 0.501908 0.035816 0.045109 0.042794 0.409418 0.583864 0.438900 0.366744 1.000000 0.674318 0.014183 0.027144 0.752566 0.036535 0.032333 0.209562 0.194018 0.061310 0.041840 0.209324 0.142969
0.025861 0.574386 0.038717 0.025904 0.014656 0.496240 0.695366 0.542234 0.249274 0.674318 1.000000 0.027902 0.012798 0.776942 0.018492 0.042139 0.256350 0.132900 0.058942 0.047710 0.257215 0.154530
0.096062 0.016669 0.297504 0.285046 0.087069 0.046988 0.016235 0.009329 0.053009 0.014183 0.027902 1.000000 0.084165 0.018246 0.109428 0.920976 0.289765 0.644334 0.131088 0.827992 0.294312 0.302313
0.590775 0.017009 0.215735 0.662040 0.666130 0.018134 0.009586 0.003301 0.052756 0.027144 0.012798 0.084165 1.000000 0.017079 0.856514 0.187093 0.037919 0.533492 0.822877 0.301779 0.040231 0.312887
0.031921 0.769257 0.026289 0.028278 0.024534 0.373150 0.698660 0.717107 0.278854 0.752566 0.776942 0.018246 0.017079 1.000000 0.022254 0.028941 0.145657 0.157070 0.041845 0.034346 0.145278 0.104977
0.766113 0.014621 0.342248 0.701475 0.797565 0.029003 0.012679 0.004113 0.067014 0.036535 0.018492 0.109428 0.856514 0.022254 1.000000 0.260204 0.057971 0.622345 0.804590 0.369395 0.062039 0.338871
0.221406 0.024522 0.607545 0.496486 0.206658 0.076894 0.025363 0.014154 0.097114 0.032333 0.042139 0.920976 0.187093 0.028941 0.260204 1.000000 0.309566 0.786273 0.255446 0.923445 0.301835 0.404641
0.073670 0.152891 0.180635 0.124086 0.040762 0.500134 0.144237 0.074706 0.322147 0.209562 0.256350 0.289765 0.037919 0.145657 0.057971 0.309566 1.000000 0.286406 0.208385 0.300941 0.763382 0.489701
0.597497 0.092556 0.577510 0.759604 0.597595 0.134909 0.099359 0.069639 0.216353 0.194018 0.132900 0.644334 0.533492 0.157070 0.622345 0.786273 0.286406 1.000000 0.599281 0.869921 0.313303 0.537556
0.679795 0.039733 0.272677 0.675124 0.692531 0.120634 0.039732 0.017431 0.241665 0.061310 0.058942 0.131088 0.822877 0.041845 0.804590 0.255446 0.208385 0.599281 1.000000 0.352018 0.195203 0.630514
0.288551 0.028034 0.579617 0.607284 0.318421 0.086383 0.028774 0.015614 0.106206 0.041840 0.047710 0.827992 0.301779 0.034346 0.369395 0.923445 0.300941 0.869921 0.352018 1.000000 0.303775 0.442838
0.099577 0.148753 0.174998 0.110712 0.037967 0.478878 0.135534 0.076747 0.299276 0.209324 0.257215 0.294312 0.040231 0.145278 0.062039 0.301835 0.763382 0.313303 0.195203 0.303775 1.000000 0.486678
0.337161 0.094494 0.357032 0.404206 0.299108 0.298951 0.104704 0.055535 0.504577 0.142969 0.154530 0.302313 0.312887 0.104977 0.338871 0.404641 0.489701 0.537556 0.630514 0.442838 0.486678 1.000000
