1.000000 0.001481 0.000000 0.000000 0.156341 0.337001 0.274796 0.000000 0.001671 0.000000 0.000000 0.001117 0.000000 0.067237 0.532731 0.290194
0.001481 1.000000 0.750742 0.014074 0.101285 0.000963 0.029728 0.000921 0.005557 0.003266 0.003586 0.592994 0.001868 0.003721 0.001080 0.045518
0.000000 0.750742 1.000000 0.133501 0.288817 0.000926 0.000379 0.001190 0.001398 0.000590 0.001667 0.229220 0.006155 0.127699 0.038631 0.002981
0.000000 0.014074 0.133501 1.000000 0.580733 0.000000 0.004780 0.000709 0.000755 0.002454 0.000678 0.188592 0.015754 0.321257 0.099768 0.005791
0.156341 0.101285 0.288817 0.580733 1.000000 0.140197 0.129208 0.001268 0.003770 0.001919 0.004162 0.352649 0.033900 0.818981 0.350008 0.159990
0.337001 0.000963 0.000926 0.000000 0.140197 1.000000 0.301817 0.001313 0.005678 0.000982 0.001046 0.005979 0.001160 0.003235 0.692271 0.433957
0.274796 0.029728 0.000379 0.004780 0.129208 0.301817 1.000000 0.035286 0.118173 0.354757 0.003743 0.108249 0.053968 0.000416 0.554857 0.459865
0.000000 0.000921 0.001190 0.000709 0.001268 0.001313 0.035286 1.000000 0.451271 0.075812 0.110882 0.047809 0.102733 0.014851 0.063353 0.228893
0.001671 0.005557 0.001398 0.000755 0.003770 0.005678 0.118173 0.451271 1.000000 0.109360 0.155236 0.070967 0.124694 0.021626 0.081659 0.275821
0.000000 0.003266 0.000590 0.002454 0.001919 0.000982 0.354757 0.075812 0.109360 1.000000 0.195651 0.100318 0.208890 0.025958 0.147305 0.449201
0.000000 0.003586 0.001667 0.000678 0.004162 0.001046 0.003743 0.110882 0.155236 0.195651 1.000000 0.120369 0.272130 0.038612 0.167743 0.493974
0.001117 0.592994 0.229220 0.188592 0.352649 0.005979 0.108249 0.047809 0.070967 0.100318 0.120369 1.000000 0.128042 0.157338 0.121441 0.294751
0.000000 0.001868 0.006155 0.015754 0.033900 0.001160 0.053968 0.102733 0.124694 0.208890 0.272130 0.128042 1.000000 0.052204 0.180908 0.548742
0.067237 0.003721 0.127699 0.321257 0.818981 0.003235 0.000416 0.014851 0.021626 0.025958 0.038612 0.157338 0.052204 1.000000 0.116188 0.084508
0.532731 0.001080 0.038631 0.099768 0.350008 0.692271 0.554857 0.063353 0.081659 0.147305 0.167743 0.121441 0.180908 0.116188 1.000000 0.766311
0.290194 0.045518 0.002981 0.005791 0.159990 0.433957 0.459865 0.228893 0.275821 0.449201 0.493974 0.294751 0.548742 0.084508 0.766311 1.000000
