1.000000 0.001741 0.753661 0.003957 0.013616 0.101757 0.000978 0.025955 0.584463 0.003540 0.001137 0.001912 0.039346
0.001741 1.000000 0.000000 0.067576 0.000000 0.154604 0.325188 0.238998 0.001318 0.000000 0.508762 0.000000 0.247168
0.753661 0.000000 1.000000 0.121575 0.126124 0.284510 0.000976 0.000353 0.227002 0.001572 0.036022 0.005494 0.002822
0.003957 0.067576 0.121575 1.000000 0.307292 0.816592 0.003424 0.000373 0.158605 0.047781 0.120726 0.063983 0.096169
0.013616 0.000000 0.126124 0.307292 1.000000 0.568761 0.000000 0.004548 0.179940 0.000786 0.093653 0.014526 0.005324
0.101757 0.154604 0.284510 0.816592 0.568761 1.000000 0.138244 0.114834 0.343769 0.003970 0.337735 0.031594 0.140264
0.000978 0.325188 0.000976 0.003424 0.000000 0.138244 1.000000 0.263186 0.006091 0.000888 0.667817 0.001254 0.376047
0.025955 0.238998 0.000353 0.000373 0.004548 0.114834 0.263186 1.000000 0.105819 0.003944 0.510182 0.051983 0.405934
0.584463 0.001318 0.227002 0.158605 0.179940 0.343769 0.006091 0.105819 1.000000 0.150509 0.151799 0.170668 0.328761
0.003540 0.000000 0.001572 0.047781 0.000786 0.003970 0.000888 0.003944 0.150509 1.000000 0.210785 0.325448 0.539670
0.001137 0.508762 0.036022 0.120726 0.093653 0.337735 0.667817 0.510182 0.151799 0.210785 1.000000 0.243397 0.759932
0.001912 0.000000 0.005494 0.063983 0.014526 0.031594 0.001254 0.051983 0.170668 0.325448 0.243397 1.000000 0.610281
0.039346 0.247168 0.002822 0.096169 0.005324 0.140264 0.376047 0.405934 0.328761 0.539670 0.759932 0.610281 1.000000
