1.000000 0.157455 0.078417 0.104860 0.095133 0.032178 0.036658 0.777178 0.033126 0.043558 0.036828 0.039919 0.026953 0.041495 0.044699 0.043625 0.033527 0.043257 0.043354 0.236905 0.042971 0.041709 0.051108 0.151568 0.145972 0.032944 0.051541 0.034918 0.034170 0.030002 0.065523 0.051159 0.064970 0.082786 0.031319 0.102677 0.032194 0.040606 0.076180 0.328627 0.054769 0.055140 0.056687 0.064362 0.031006 0.208202
0.157455 1.000000 0.376211 0.356386 0.167703 0.064123 0.070408 0.244684 0.065339 0.081913 0.074768 0.077529 0.051580 0.084246 0.086396 0.082084 0.063699 0.084170 0.198152 0.093130 0.087309 0.048348 0.099815 0.096758 0.095208 0.063068 0.100339 0.065971 0.064917 0.055754 0.118852 0.098595 0.118430 0.467819 0.062215 0.350519 0.060114 0.083291 0.161387 0.181651 0.090352 0.112281 0.108667 0.124607 0.061520 0.295879
0.078417 0.376211 1.000000 0.633145 0.245615 0.119945 0.152759 0.069702 0.136752 0.194165 0.146629 0.162591 0.113985 0.158458 0.191386 0.189149 0.150581 0.182081 0.034281 0.147534 0.157274 0.124482 0.180853 0.186767 0.185091 0.140435 0.210021 0.159712 0.150144 0.139291 0.290775 0.208001 0.293518 0.759836 0.138950 0.621886 0.148453 0.097755 0.245884 0.234871 0.226445 0.203794 0.228374 0.265938 0.139668 0.512208
0.104860 0.356386 0.633145 1.000000 0.266190 0.124071 0.149580 0.094971 0.135388 0.184581 0.145827 0.162011 0.110952 0.153892 0.183978 0.180119 0.143860 0.179493 0.129764 0.162553 0.156540 0.116763 0.191869 0.194365 0.192394 0.137107 0.209339 0.151903 0.144647 0.131164 0.287994 0.206657 0.276538 0.535489 0.135628 0.995683 0.140327 0.114003 0.265264 0.282099 0.221601 0.212687 0.226903 0.261970 0.135630 0.575618
0.095133 0.167703 0.245615 0.266190 1.000000 0.098820 0.123455 0.168528 0.111319 0.154271 0.120511 0.133140 0.091334 0.130512 0.152929 0.149996 0.119867 0.150895 0.151755 0.113658 0.131416 0.080988 0.149337 0.117370 0.118217 0.115563 0.171085 0.127374 0.120206 0.110696 0.226631 0.169712 0.356765 0.235321 0.115724 0.258577 0.116877 0.093338 0.997543 0.206492 0.169314 0.171357 0.204664 0.332309 0.115956 0.663282
0.032178 0.064123 0.119945 0.124071 0.098820 1.000000 0.060752 0.026670 0.054659 0.077306 0.059533 0.065326 0.045223 0.063295 0.075641 0.074678 0.059515 0.072297 0.021339 0.053575 0.065623 0.040089 0.851762 0.056614 0.056903 0.055209 0.083952 0.062671 0.059293 0.054510 0.110891 0.083066 0.114929 0.111963 0.054592 0.120185 0.058404 0.046453 0.098787 0.095790 0.084098 0.082191 0.091129 0.105974 0.054879 0.208271
0.036658 0.070408 0.152759 0.149580 0.123455 0.060752 1.000000 0.028878 0.070012 0.098904 0.074818 0.083368 0.058044 0.080140 0.097103 0.095903 0.076928 0.093309 0.017305 0.065755 0.079679 0.052093 0.091503 0.071077 0.071866 0.071537 0.107414 0.081482 0.084886 0.071025 0.143972 0.105710 0.149197 0.141192 0.071736 0.144584 0.075677 0.050704 0.123662 0.116632 0.109272 0.103674 0.116969 0.134752 0.072186 0.261063
0.777178 0.244684 0.069702 0.094971 0.168528 0.026670 0.028878 1.000000 0.026014 0.036347 0.034179 0.031477 0.020435 0.049395 0.038072 0.036945 0.025866 0.034985 0.039517 0.142544 0.051424 0.032745 0.041604 0.102592 0.099864 0.026217 0.040694 0.026704 0.026076 0.023077 0.050298 0.041040 0.056257 0.069990 0.025434 0.093234 0.024478 0.052424 0.122158 0.192726 0.042075 0.044954 0.046006 0.062703 0.024924 0.171657
0.033126 0.065339 0.136752 0.135388 0.111319 0.054659 0.070012 0.026014 1.000000 0.089534 0.068200 0.074734 0.052325 0.071976 0.087265 0.086117 0.068832 0.083605 0.019509 0.059241 0.072020 0.046491 0.082324 0.063995 0.064628 0.064178 0.096597 0.073072 0.068667 0.063891 0.128680 0.094607 0.133485 0.126389 0.063798 0.130894 0.067786 0.043620 0.111489 0.105743 0.097733 0.093242 0.104627 0.120825 0.064037 0.235075
0.043558 0.081913 0.194165 0.184581 0.154271 0.077306 0.098904 0.036347 0.089534 1.000000 0.149420 0.105533 0.096577 0.118712 0.176615 0.175524 0.098207 0.118281 0.014192 0.081542 0.105005 0.067042 0.115530 0.090496 0.092270 0.091072 0.135935 0.104454 0.097628 0.090813 0.186997 0.133996 0.190983 0.178437 0.089962 0.178191 0.097005 0.070702 0.154509 0.143904 0.140125 0.130202 0.147523 0.171744 0.090972 0.321717
0.036828 0.074768 0.146629 0.145827 0.120511 0.059533 0.074818 0.034179 0.068200 0.149420 1.000000 0.080141 0.055858 0.083095 0.095354 0.094099 0.073737 0.089219 0.021328 0.063592 0.082969 0.049704 0.089331 0.068882 0.069551 0.068179 0.103042 0.077963 0.073250 0.068065 0.137622 0.101970 0.143006 0.136007 0.067568 0.141021 0.072536 0.068679 0.120303 0.113550 0.104316 0.100089 0.111964 0.129930 0.068370 0.257867
0.039919 0.077529 0.162591 0.162011 0.133140 0.065326 0.083368 0.031477 0.074734 0.105533 0.080141 1.000000 0.061704 0.084995 0.103011 0.101678 0.081906 0.109323 0.021834 0.070825 0.083946 0.055416 0.098088 0.076014 0.076858 0.077538 0.138539 0.087529 0.081834 0.075592 0.153329 0.112901 0.158540 0.150958 0.076842 0.156679 0.080553 0.054413 0.133287 0.126100 0.116310 0.111307 0.125207 0.143585 0.077124 0.270000
0.026953 0.051580 0.113985 0.110952 0.091334 0.045223 0.058044 0.020435 0.052325 0.096577 0.055858 0.061704 1.000000 0.758458 0.892640 0.894726 0.057312 0.069099 0.013909 0.050797 0.058332 0.041966 0.068550 0.056873 0.066205 0.053141 0.079870 0.060754 0.057115 0.052951 0.117573 0.078628 0.111408 0.104742 0.052583 0.107261 0.056480 0.036462 0.091548 0.087418 0.083081 0.077250 0.086532 0.110642 0.052990 0.180560
0.041495 0.084246 0.158458 0.153892 0.130512 0.063295 0.080140 0.049395 0.071976 0.118712 0.083095 0.084995 0.758458 1.000000 0.674530 0.674421 0.079012 0.095901 0.012966 0.069748 0.101610 0.057024 0.094601 0.077686 0.083998 0.072838 0.111311 0.083380 0.078140 0.072567 0.195057 0.109243 0.171793 0.145977 0.072961 0.148574 0.077695 0.068836 0.129550 0.119495 0.115091 0.106908 0.119959 0.200268 0.073147 0.252792
0.044699 0.086396 0.191386 0.183978 0.152929 0.075641 0.097103 0.038072 0.087265 0.176615 0.095354 0.103011 0.892640 0.674530 1.000000 0.995938 0.096303 0.115746 0.021098 0.099532 0.104158 0.090671 0.113386 0.118811 0.135119 0.088826 0.133744 0.101993 0.095729 0.088942 0.209532 0.132527 0.188817 0.175185 0.088459 0.177796 0.094950 0.065590 0.153055 0.145732 0.149340 0.128391 0.144676 0.177061 0.089595 0.298191
0.043625 0.082084 0.189149 0.180119 0.149996 0.074678 0.095903 0.036945 0.086117 0.175524 0.094099 0.101678 0.894726 0.674421 0.995938 1.000000 0.095159 0.114280 0.016712 0.098226 0.102826 0.090097 0.111878 0.117642 0.134029 0.087629 0.131966 0.100786 0.094577 0.087952 0.207335 0.130903 0.186394 0.172767 0.087054 0.173987 0.093908 0.065033 0.150164 0.142789 0.147880 0.126449 0.142767 0.173933 0.088306 0.293628
0.033527 0.063699 0.150581 0.143860 0.119867 0.059515 0.076928 0.025866 0.068832 0.098207 0.073737 0.081906 0.057312 0.079012 0.096303 0.095159 1.000000 0.092474 0.012863 0.063381 0.077623 0.051770 0.089039 0.069642 0.070332 0.070889 0.105465 0.080949 0.076231 0.071028 0.143060 0.104135 0.159781 0.138425 0.071190 0.138956 0.075228 0.046735 0.120171 0.112102 0.108796 0.101350 0.114793 0.133348 0.071838 0.279598
0.043257 0.084170 0.182081 0.179493 0.150895 0.072297 0.093309 0.034985 0.083605 0.118281 0.089219 0.109323 0.069099 0.095901 0.115746 0.114280 0.092474 1.000000 0.020824 0.078946 0.094385 0.065454 0.108333 0.086658 0.087592 0.088499 0.212701 0.098206 0.092621 0.085335 0.193092 0.127229 0.178187 0.169639 0.090296 0.173547 0.090302 0.058949 0.151033 0.139373 0.143767 0.125455 0.142406 0.161146 0.091322 0.338796
0.043354 0.198152 0.034281 0.129764 0.151755 0.021339 0.017305 0.039517 0.019509 0.014192 0.021328 0.021834 0.013909 0.012966 0.021098 0.016712 0.012863 0.020824 1.000000 0.037384 0.016754 0.007264 0.034565 0.030122 0.028379 0.015325 0.028336 0.012651 0.013996 0.008867 0.021717 0.024851 0.028688 0.042072 0.014075 0.130170 0.010348 0.035240 0.150112 0.102589 0.014721 0.043927 0.030935 0.043852 0.014026 0.138419
0.236905 0.093130 0.147534 0.162553 0.113658 0.053575 0.065755 0.142544 0.059241 0.081542 0.063592 0.070825 0.050797 0.069748 0.099532 0.098226 0.063381 0.078946 0.037384 1.000000 0.068647 0.350248 0.085272 0.737585 0.719540 0.061094 0.090921 0.066968 0.064015 0.058239 0.171765 0.093470 0.132668 0.135168 0.064339 0.158681 0.061531 0.050976 0.112625 0.628307 0.224761 0.092959 0.102768 0.124862 0.063596 0.382069
0.042971 0.087309 0.157274 0.156540 0.131416 0.065623 0.079679 0.051424 0.072020 0.105005 0.082969 0.083946 0.058332 0.101610 0.104158 0.102826 0.077623 0.094385 0.016754 0.068647 1.000000 0.052502 0.097817 0.074186 0.075217 0.072237 0.109061 0.081952 0.077214 0.071425 0.144791 0.108425 0.150774 0.145737 0.071175 0.150951 0.076334 0.078507 0.130274 0.121147 0.110159 0.107760 0.118920 0.137411 0.071555 0.334952
0.041709 0.048348 0.124482 0.116763 0.080988 0.040089 0.052093 0.032745 0.046491 0.067042 0.049704 0.055416 0.041966 0.057024 0.090671 0.090097 0.051770 0.065454 0.007264 0.350248 0.052502 1.000000 0.060562 0.854160 0.864984 0.048246 0.094487 0.054933 0.051600 0.048179 0.350192 0.076050 0.114774 0.102341 0.048976 0.113881 0.050975 0.031172 0.081206 0.125538 0.741696 0.068787 0.081422 0.105979 0.049229 0.228047
0.051108 0.099815 0.180853 0.191869 0.149337 0.851762 0.091503 0.041604 0.082324 0.115530 0.089331 0.098088 0.068550 0.094601 0.113386 0.111878 0.089039 0.108333 0.034565 0.085272 0.097817 0.060562 1.000000 0.087869 0.088148 0.082525 0.126667 0.093537 0.088938 0.081430 0.165980 0.124859 0.171786 0.169528 0.081791 0.186036 0.087260 0.071979 0.149258 0.149776 0.125986 0.124359 0.137252 0.159645 0.081998 0.306380
0.151568 0.096758 0.186767 0.194365 0.117370 0.056614 0.071077 0.102592 0.063995 0.090496 0.068882 0.076014 0.056873 0.077686 0.118811 0.117642 0.069642 0.086658 0.030122 0.737585 0.074186 0.854160 0.087869 1.000000 0.996699 0.065573 0.111508 0.073764 0.069602 0.064182 0.320622 0.103677 0.156756 0.157062 0.065162 0.190826 0.068359 0.050133 0.116886 0.418329 0.596018 0.097534 0.115194 0.147329 0.065423 0.361860
0.145972 0.095208 0.185091 0.192394 0.118217 0.056903 0.071866 0.099864 0.064628 0.092270 0.069551 0.076858 0.066205 0.083998 0.135119 0.134029 0.070332 0.087592 0.028379 0.719540 0.075217 0.864984 0.088148 0.996699 1.000000 0.065934 0.112827 0.074391 0.070303 0.064792 0.324577 0.114487 0.158122 0.156045 0.065798 0.188744 0.068998 0.051255 0.117734 0.400714 0.603835 0.098496 0.115182 0.148765 0.066074 0.358646
0.032944 0.063068 0.140435 0.137107 0.115563 0.055209 0.071537 0.026217 0.064178 0.091072 0.068179 0.077538 0.053141 0.072838 0.088826 0.087629 0.070889 0.088499 0.015325 0.061094 0.072237 0.048246 0.082525 0.065573 0.065934 1.000000 0.098476 0.076918 0.070840 0.065906 0.132753 0.097392 0.136943 0.130859 0.069755 0.132465 0.069532 0.045518 0.115688 0.106492 0.101143 0.096123 0.108480 0.123683 0.070020 0.280908
0.051541 0.100339 0.210021 0.209339 0.171085 0.083952 0.107414 0.040694 0.096597 0.135935 0.103042 0.138539 0.079870 0.111311 0.133744 0.131966 0.105465 0.212701 0.028336 0.090921 0.109061 0.094487 0.126667 0.111508 0.112827 0.098476 1.000000 0.111961 0.105482 0.097280 0.263221 0.145248 0.204701 0.194279 0.098097 0.202492 0.103711 0.070172 0.171290 0.162669 0.208016 0.143062 0.161070 0.186837 0.098899 0.337069
0.034918 0.065971 0.159712 0.151903 0.127374 0.062671 0.081482 0.026704 0.073072 0.104454 0.077963 0.087529 0.060754 0.083380 0.101993 0.100786 0.080949 0.098206 0.012651 0.066968 0.081952 0.054933 0.093537 0.073764 0.074391 0.076918 0.111961 1.000000 0.080668 0.075107 0.151711 0.115932 0.157557 0.146916 0.075659 0.146657 0.079997 0.048536 0.127734 0.118442 0.115495 0.107368 0.125870 0.141145 0.076273 0.413803
0.034170 0.064917 0.150144 0.144647 0.120206 0.059293 0.084886 0.026076 0.068667 0.097628 0.073250 0.081834 0.057115 0.078140 0.095729 0.094577 0.076231 0.092621 0.013996 0.064015 0.077214 0.051600 0.088938 0.069602 0.070303 0.070840 0.105482 0.080668 1.000000 0.070345 0.142594 0.103987 0.147601 0.138366 0.071416 0.139705 0.074878 0.045921 0.120504 0.112588 0.108292 0.101596 0.114918 0.132642 0.071904 0.241542
0.030002 0.055754 0.139291 0.131164 0.110696 0.054510 0.071025 0.023077 0.063891 0.090813 0.068065 0.075592 0.052951 0.072567 0.088942 0.087952 0.071028 0.085335 0.008867 0.058239 0.071425 0.048179 0.081430 0.064182 0.064792 0.065906 0.097280 0.075107 0.070345 1.000000 0.132641 0.096159 0.137613 0.127662 0.066160 0.126619 0.069729 0.041172 0.111042 0.102210 0.101007 0.093330 0.106004 0.122882 0.066491 0.213671
0.065523 0.118852 0.290775 0.287994 0.226631 0.110891 0.143972 0.050298 0.128680 0.186997 0.137622 0.153329 0.117573 0.195057 0.209532 0.207335 0.143060 0.193092 0.021717 0.171765 0.144791 0.350192 0.165980 0.320622 0.324577 0.132753 0.263221 0.151711 0.142594 0.132641 1.000000 0.196027 0.301425 0.263420 0.133469 0.279267 0.140964 0.085277 0.227314 0.217343 0.472351 0.189259 0.215700 0.298577 0.134421 0.468683
0.051159 0.098595 0.208001 0.206657 0.169712 0.083066 0.105710 0.041040 0.094607 0.133996 0.101970 0.112901 0.078628 0.109243 0.132527 0.130903 0.104135 0.127229 0.024851 0.093470 0.108425 0.076050 0.124859 0.103677 0.114487 0.097392 0.145248 0.115932 0.103987 0.096159 0.196027 1.000000 0.202795 0.191987 0.096423 0.199939 0.102418 0.070230 0.169911 0.160071 0.150216 0.143395 0.164267 0.183293 0.097196 0.345317
0.064970 0.118430 0.293518 0.276538 0.356765 0.114929 0.149197 0.056257 0.133485 0.190983 0.143006 0.158540 0.111408 0.171793 0.188817 0.186394 0.159781 0.178187 0.028688 0.132668 0.150774 0.114774 0.171786 0.156756 0.158122 0.136943 0.204701 0.157557 0.147601 0.137613 0.301425 0.202795 1.000000 0.269021 0.136436 0.267019 0.146951 0.088852 0.358253 0.216903 0.218371 0.195495 0.400001 0.790869 0.137738 0.495724
0.082786 0.467819 0.759836 0.535489 0.235321 0.111963 0.141192 0.069990 0.126389 0.178437 0.136007 0.150958 0.104742 0.145977 0.175185 0.172767 0.138425 0.169639 0.042072 0.135168 0.145737 0.102341 0.169528 0.157062 0.156045 0.130859 0.194279 0.146916 0.138366 0.127662 0.263420 0.191987 0.269021 1.000000 0.130694 0.520435 0.135996 0.094786 0.235329 0.232238 0.201872 0.190076 0.212204 0.246107 0.130900 0.483890
0.031319 0.062215 0.138950 0.135628 0.115724 0.054592 0.071736 0.025434 0.063798 0.089962 0.067568 0.076842 0.052583 0.072961 0.088459 0.087054 0.071190 0.090296 0.014075 0.064339 0.071175 0.048976 0.081791 0.065162 0.065798 0.069755 0.098097 0.075659 0.071416 0.066160 0.133469 0.096423 0.136436 0.130694 1.000000 0.131027 0.069102 0.043176 0.115834 0.104638 0.101812 0.096162 0.109153 0.123003 0.076340 0.254716
0.102677 0.350519 0.621886 0.995683 0.258577 0.120185 0.144584 0.093234 0.130894 0.178191 0.141021 0.156679 0.107261 0.148574 0.177796 0.173987 0.138956 0.173547 0.130170 0.158681 0.150951 0.113881 0.186036 0.190826 0.188744 0.132465 0.202492 0.146657 0.139705 0.126619 0.279267 0.199939 0.267019 0.520435 0.131027 1.000000 0.135478 0.110500 0.257642 0.274977 0.215051 0.206155 0.219448 0.253429 0.131012 0.561807
0.032194 0.060114 0.148453 0.140327 0.116877 0.058404 0.075677 0.024478 0.067786 0.097005 0.072536 0.080553 0.056480 0.077695 0.094950 0.093908 0.075228 0.090302 0.010348 0.061531 0.076334 0.050975 0.087260 0.068359 0.068998 0.069532 0.103711 0.079997 0.074878 0.069729 0.140964 0.102418 0.146951 0.135996 0.069102 0.135478 1.000000 0.045043 0.117260 0.109371 0.107222 0.099248 0.116607 0.131318 0.069765 0.244000
0.040606 0.083291 0.097755 0.114003 0.093338 0.046453 0.050704 0.052424 0.043620 0.070702 0.068679 0.054413 0.036462 0.068836 0.065590 0.065033 0.046735 0.058949 0.035240 0.050976 0.078507 0.031172 0.071979 0.050133 0.051255 0.045518 0.070172 0.048536 0.045921 0.041172 0.085277 0.070230 0.088852 0.094786 0.043176 0.110500 0.045043 1.000000 0.091408 0.090585 0.064157 0.071521 0.075390 0.084074 0.044357 0.240526
0.076180 0.161387 0.245884 0.265264 0.997543 0.098787 0.123662 0.122158 0.111489 0.154509 0.120303 0.133287 0.091548 0.129550 0.153055 0.150164 0.120171 0.151033 0.150112 0.112625 0.130274 0.081206 0.149258 0.116886 0.117734 0.115688 0.171290 0.127734 0.120504 0.111042 0.227314 0.169911 0.358253 0.235329 0.115834 0.257642 0.117260 0.091408 1.000000 0.205223 0.169842 0.171249 0.204925 0.332476 0.116092 0.663532
0.328627 0.181651 0.234871 0.282099 0.206492 0.095790 0.116632 0.192726 0.105743 0.143904 0.113550 0.126100 0.087418 0.119495 0.145732 0.142789 0.112102 0.139373 0.102589 0.628307 0.121147 0.125538 0.149776 0.418329 0.400714 0.106492 0.162669 0.118442 0.112588 0.102210 0.217343 0.160071 0.216903 0.232238 0.104638 0.274977 0.109371 0.090585 0.205223 1.000000 0.179719 0.165108 0.177758 0.204669 0.104789 0.621951
0.054769 0.090352 0.226445 0.221601 0.169314 0.084098 0.109272 0.042075 0.097733 0.140125 0.104316 0.116310 0.083081 0.115091 0.149340 0.147880 0.108796 0.143767 0.014721 0.224761 0.110159 0.741696 0.125986 0.596018 0.603835 0.101143 0.208016 0.115495 0.108292 0.101007 0.472351 0.150216 0.218371 0.201872 0.101812 0.215051 0.107222 0.064157 0.169842 0.179719 1.000000 0.143768 0.166273 0.197600 0.102413 0.399437
0.055140 0.112281 0.203794 0.212687 0.171357 0.082191 0.103674 0.044954 0.093242 0.130202 0.100089 0.111307 0.077250 0.106908 0.128391 0.126449 0.101350 0.125455 0.043927 0.092959 0.107760 0.068787 0.124359 0.097534 0.098496 0.096123 0.143062 0.107368 0.101596 0.093330 0.189259 0.143395 0.195495 0.190076 0.096162 0.206155 0.099248 0.071521 0.171249 0.165108 0.143768 1.000000 0.156268 0.179346 0.096274 0.450848
0.056687 0.108667 0.228374 0.226903 0.204664 0.091129 0.116969 0.046006 0.104627 0.147523 0.111964 0.125207 0.086532 0.119959 0.144676 0.142767 0.114793 0.142406 0.030935 0.102768 0.118920 0.081422 0.137252 0.115194 0.115182 0.108480 0.161070 0.125870 0.114918 0.106004 0.215700 0.164267 0.400001 0.212204 0.109153 0.219448 0.116607 0.075390 0.204925 0.177758 0.166273 0.156268 1.000000 0.255185 0.109316 0.396801
0.064362 0.124607 0.265938 0.261970 0.332309 0.105974 0.134752 0.062703 0.120825 0.171744 0.129930 0.143585 0.110642 0.200268 0.177061 0.173933 0.133348 0.161146 0.043852 0.124862 0.137411 0.105979 0.159645 0.147329 0.148765 0.123683 0.186837 0.141145 0.132642 0.122882 0.298577 0.183293 0.790869 0.246107 0.123003 0.253429 0.131318 0.084074 0.332476 0.204669 0.197600 0.179346 0.255185 1.000000 0.123800 0.455047
0.031006 0.061520 0.139668 0.135630 0.115956 0.054879 0.072186 0.024924 0.064037 0.090972 0.068370 0.077124 0.052990 0.073147 0.089595 0.088306 0.071838 0.091322 0.014026 0.063596 0.071555 0.049229 0.081998 0.065423 0.066074 0.070020 0.098899 0.076273 0.071904 0.066491 0.134421 0.097196 0.137738 0.130900 0.076340 0.131012 0.069765 0.044357 0.116092 0.104789 0.102413 0.096274 0.109316 0.123800 1.000000 0.244137
0.208202 0.295879 0.512208 0.575618 0.663282 0.208271 0.261063 0.171657 0.235075 0.321717 0.257867 0.270000 0.180560 0.252792 0.298191 0.293628 0.279598 0.338796 0.138419 0.382069 0.334952 0.228047 0.306380 0.361860 0.358646 0.280908 0.337069 0.413803 0.241542 0.213671 0.468683 0.345317 0.495724 0.483890 0.254716 0.561807 0.244000 0.240526 0.663532 0.621951 0.399437 0.450848 0.396801 0.455047 0.244137 1.000000
