1.000000 0.742415 0.141666 0.301324 0.000861 0.000347 0.229206 0.001388 0.044334 0.002462
0.742415 1.000000 0.003295 0.095006 0.000897 0.026959 0.582622 0.003339 0.001049 0.040908
0.141666 0.003295 1.000000 0.823592 0.002814 0.000317 0.172454 0.046409 0.129137 0.092904
0.301324 0.095006 0.823592 1.000000 0.134358 0.106662 0.356882 0.003362 0.338742 0.132453
0.000861 0.000897 0.002814 0.134358 1.000000 0.270644 0.005280 0.000786 0.675476 0.378975
0.000347 0.026959 0.000317 0.106662 0.270644 1.000000 0.106785 0.003672 0.509247 0.404698
0.229206 0.582622 0.172454 0.356882 0.005280 0.106785 1.000000 0.155432 0.159430 0.328762
0.001388 0.003339 0.046409 0.003362 0.000786 0.003672 0.155432 1.000000 0.217585 0.548727
0.044334 0.001049 0.129137 0.338742 0.675476 0.509247 0.159430 0.217585 1.000000 0.759157
0.002462 0.040908 0.092904 0.132453 0.378975 0.404698 0.328762 0.548727 0.759157 1.000000
