1.000000 0.009014 0.006638 0.000802 0.003309 0.036242 0.019728 0.023089 0.000890 0.025443 0.000059 0.001028 0.006671 0.000721 0.012193 0.183447 0.019131 0.005682 0.428534 0.108561 0.024241 0.043546 0.127328 0.033969 0.016503 0.128562 0.271648 0.288221 0.001433 0.006185 0.084981 0.008139 0.044256 0.140445 0.024742 0.005120 0.141864 0.000294 0.001376 0.462548 0.019698 0.111003 0.212230 0.034506 0.169684 0.027711 0.200309 0.165730 0.295811 0.314789 0.240503 0.543975 0.041574 0.049614 0.016824 0.005277 0.054644 0.000313 0.001005 0.000548 0.003408 0.056469 0.004166 0.033009 0.056686 0.004314 0.021767 0.004600 0.020953 0.003369 0.028692 0.005250
0.009014 1.000000 0.006806 0.018327 0.047295 0.055155 0.047954 0.046620 0.009465 0.049596 0.009276 0.010762 0.013669 0.017031 0.062537 0.053856 0.052495 0.038450 0.025443 0.062138 0.082020 0.060179 0.068860 0.119622 0.042395 0.107267 0.011033 0.027166 0.017148 0.052678 0.062562 0.048895 0.040514 0.050191 0.059595 0.039815 0.086375 0.009922 0.026675 0.031427 0.036179 0.040701 0.051142 0.074623 0.213433 0.086359 0.048062 0.052690 0.037174 0.051029 0.045933 0.031761 0.215342 0.067302 0.026267 0.029973 0.080013 0.014275 0.017769 0.095297 0.088613 0.167856 0.082931 0.089700 0.172087 0.029453 0.043257 0.040376 0.074452 0.015626 0.043597 0.040808
0.006638 0.006806 1.000000 0.002502 0.001450 0.021782 0.022001 0.005970 0.107461 0.076702 0.000350 0.007199 0.768377 0.002272 0.004106 0.006561 0.014582 0.007652 0.007315 0.027205 0.021837 0.015500 0.020640 0.038489 0.016093 0.058247 0.003214 0.008577 0.003263 0.005875 0.034012 0.006756 0.022689 0.033419 0.024628 0.009560 0.057705 0.000339 0.003662 0.019702 0.100777 0.036400 0.014753 0.090724 0.035043 0.022785 0.008860 0.006319 0.009085 0.017229 0.011082 0.009710 0.025530 0.173989 0.482436 0.016056 0.006868 0.000895 0.001814 0.000446 0.005651 0.055133 0.005606 0.040198 0.054420 0.003716 0.004852 0.005232 0.007758 0.002561 0.007221 0.005029
0.000802 0.018327 0.002502 1.000000 0.000228 0.019070 0.005677 0.005405 0.000027 0.017491 0.411906 0.241664 0.002082 0.925009 0.203751 0.005002 0.010991 0.271852 0.003371 0.012718 0.223511 0.022702 0.009836 0.011175 0.005898 0.018492 0.003090 0.009860 0.404629 0.218328 0.027784 0.250516 0.009196 0.006868 0.009079 0.335857 0.028136 0.636775 0.872785 0.033221 0.008396 0.069103 0.008739 0.014560 0.020052 0.008205 0.009234 0.003165 0.012014 0.015769 0.014127 0.019368 0.018858 0.024221 0.004475 0.584954 0.631247 0.573386 0.581620 0.218294 0.386471 0.091156 0.520030 0.352782 0.060060 0.002726 0.004466 0.002179 0.007129 0.000909 0.005128 0.003433
0.003309 0.047295 0.001450 0.000228 1.000000 0.549794 0.070373 0.010099 0.000245 0.044703 0.000014 0.021130 0.004632 0.004869 0.003252 0.074424 0.023833 0.006656 0.017620 0.033449 0.032250 0.035176 0.040686 0.445613 0.078370 0.067646 0.006418 0.029002 0.005902 0.013485 0.059557 0.005305 0.013414 0.035477 0.066496 0.019575 0.054472 0.000540 0.002991 0.018887 0.027215 0.062351 0.026230 0.024341 0.275179 0.244482 0.033133 0.074837 0.040296 0.045801 0.047392 0.032791 0.044390 0.043706 0.012253 0.023138 0.011344 0.000772 0.004079 0.001124 0.008771 0.090974 0.006981 0.057112 0.055159 0.005095 0.008786 0.006226 0.022860 0.002011 0.015307 0.006383
0.036242 0.055155 0.021782 0.019070 0.549794 1.000000 0.098140 0.050232 0.015763 0.139986 0.020737 0.027528 0.031938 0.023314 0.047446 0.086714 0.075870 0.035882 0.058510 0.120435 0.107758 0.090103 0.119893 0.320653 0.098300 0.230477 0.065687 0.092218 0.031347 0.049998 0.139101 0.052555 0.092656 0.123611 0.130810 0.044595 0.186504 0.018698 0.029187 0.088221 0.085177 0.131529 0.091705 0.128230 0.254105 0.210588 0.072146 0.077839 0.078582 0.116075 0.091339 0.089823 0.137796 0.150610 0.071614 0.074683 0.069628 0.025526 0.031955 0.035372 0.048361 0.244852 0.054184 0.166618 0.238931 0.034300 0.043113 0.028922 0.050524 0.016775 0.046336 0.036900
0.019728 0.047954 0.022001 0.005677 0.070373 0.098140 1.000000 0.036367 0.008626 0.133767 0.000437 0.015637 0.029345 0.007069 0.023025 0.036401 0.111269 0.022418 0.035427 0.105874 0.088138 0.080565 0.093926 0.310016 0.507575 0.233291 0.019410 0.041744 0.007437 0.033994 0.127312 0.028863 0.096174 0.124552 0.410169 0.025082 0.165345 0.001783 0.009525 0.070062 0.128100 0.129710 0.080453 0.144741 0.167416 0.393229 0.044882 0.030720 0.037838 0.075591 0.048498 0.041913 0.142737 0.155822 0.069444 0.033996 0.029968 0.001422 0.005010 0.006982 0.017933 0.235635 0.022535 0.108728 0.229996 0.023738 0.031029 0.029423 0.043355 0.018649 0.053628 0.030823
0.023089 0.046620 0.005970 0.005405 0.010099 0.050232 0.036367 1.000000 0.002263 0.048232 0.001822 0.009604 0.010567 0.008481 0.061674 0.043971 0.076656 0.012432 0.175432 0.165386 0.056110 0.038827 0.049417 0.058662 0.036404 0.120406 0.021011 0.033387 0.005455 0.078188 0.063955 0.016983 0.044777 0.098338 0.101681 0.017353 0.096883 0.002984 0.008763 0.055113 0.026975 0.042080 0.156003 0.056991 0.082149 0.237097 0.054182 0.032405 0.131541 0.071242 0.059168 0.054743 0.068604 0.061319 0.024342 0.017838 0.032295 0.003420 0.005324 0.007623 0.013281 0.107543 0.022287 0.055118 0.119215 0.990478 0.997369 0.424230 0.396044 0.321290 0.285017 0.839628
0.000890 0.009465 0.107461 0.000027 0.000245 0.015763 0.008626 0.002263 1.000000 0.514792 0.000661 0.000031 0.171845 0.001921 0.000486 0.005100 0.015822 0.012177 0.009569 0.018181 0.016733 0.012334 0.004063 0.013234 0.003363 0.053716 0.001142 0.002203 0.000558 0.002711 0.040554 0.011198 0.032665 0.044897 0.002963 0.008375 0.036787 0.001044 0.002649 0.014520 0.104320 0.058475 0.008661 0.430673 0.025188 0.003926 0.013862 0.006474 0.010070 0.020119 0.011752 0.015465 0.016558 0.413001 0.431086 0.002750 0.004069 0.000753 0.000514 0.000020 0.004448 0.027836 0.002527 0.011964 0.028055 0.000096 0.001030 0.000309 0.001321 0.000035 0.005724 0.000059
0.025443 0.049596 0.076702 0.017491 0.044703 0.139986 0.133767 0.048232 0.514792 1.000000 0.006532 0.046938 0.107272 0.025084 0.058049 0.055721 0.109640 0.048924 0.054816 0.155455 0.173754 0.123093 0.139628 0.223387 0.115211 0.346019 0.027921 0.059915 0.025210 0.063405 0.274124 0.058800 0.171290 0.198794 0.183793 0.070407 0.267086 0.008903 0.028982 0.100244 0.202646 0.310088 0.098698 0.371332 0.236025 0.165991 0.070966 0.050039 0.066204 0.118307 0.080241 0.064875 0.186896 0.460277 0.278926 0.104084 0.070463 0.010523 0.017074 0.029225 0.053969 0.354379 0.058658 0.284414 0.358780 0.030014 0.040036 0.038354 0.058700 0.021614 0.062878 0.039154
0.000059 0.009276 0.000350 0.411906 0.000014 0.020737 0.000437 0.001822 0.000661 0.006532 1.000000 0.090379 0.000144 0.452206 0.074721 0.001831 0.003885 0.078114 0.001252 0.003845 0.076499 0.021731 0.003891 0.001538 0.000628 0.004674 0.000823 0.009548 0.517621 0.071899 0.010244 0.094577 0.002613 0.001621 0.001340 0.138743 0.011088 0.570231 0.503059 0.013033 0.002152 0.030730 0.002016 0.005254 0.005778 0.000844 0.003334 0.001274 0.005013 0.006438 0.005443 0.008238 0.006493 0.008755 0.001595 0.658272 0.394362 0.780078 0.679614 0.036558 0.107933 0.020452 0.191372 0.257512 0.026112 0.000754 0.001524 0.000308 0.002413 0.000194 0.002249 0.001049
0.001028 0.010762 0.007199 0.241664 0.021130 0.027528 0.015637 0.009604 0.000031 0.046938 0.090379 1.000000 0.008423 0.363643 0.204578 0.005598 0.022340 0.315800 0.004788 0.023552 0.489747 0.024392 0.016994 0.033723 0.013805 0.041839 0.006682 0.007635 0.176214 0.475148 0.057083 0.217115 0.019936 0.016982 0.020613 0.798161 0.043783 0.158429 0.345791 0.020722 0.037144 0.072033 0.008094 0.025486 0.038097 0.021018 0.008811 0.004249 0.011365 0.017906 0.013971 0.012887 0.022865 0.053200 0.009142 0.172026 0.396003 0.145929 0.288665 0.112688 0.379146 0.087814 0.419044 0.220830 0.079948 0.005819 0.008415 0.006924 0.011863 0.001101 0.008472 0.005830
0.006671 0.013669 0.768377 0.002082 0.004632 0.031938 0.029345 0.010567 0.171845 0.107272 0.000144 0.008423 1.000000 0.002787 0.007325 0.011257 0.024592 0.008164 0.011315 0.039574 0.028609 0.023083 0.030097 0.051999 0.023641 0.086809 0.006020 0.013554 0.003720 0.009188 0.045355 0.008342 0.033401 0.056027 0.038134 0.011601 0.063421 0.000580 0.003801 0.025622 0.053783 0.045575 0.025254 0.097198 0.050778 0.035097 0.014542 0.010685 0.013872 0.026220 0.017508 0.013465 0.040055 0.187136 0.689645 0.021042 0.009561 0.000880 0.002240 0.000633 0.006562 0.079289 0.007377 0.052532 0.078873 0.006672 0.008718 0.008818 0.013161 0.004504 0.012281 0.008698
0.000721 0.017031 0.002272 0.925009 0.004869 0.023314 0.007069 0.008481 0.001921 0.025084 0.452206 0.363643 0.002787 1.000000 0.219422 0.006616 0.014076 0.284262 0.004180 0.013917 0.275307 0.025626 0.011296 0.014342 0.006786 0.022836 0.003577 0.010456 0.447264 0.296959 0.036400 0.260428 0.011944 0.010176 0.010617 0.438995 0.032452 0.671258 0.880273 0.033929 0.013705 0.076420 0.007577 0.016489 0.023227 0.009861 0.010166 0.004665 0.013319 0.017729 0.015866 0.020389 0.018609 0.035251 0.005423 0.596732 0.653387 0.591023 0.629181 0.195841 0.393302 0.088100 0.532791 0.366824 0.069096 0.005825 0.007602 0.004431 0.009901 0.001846 0.007898 0.006051
0.012193 0.062537 0.004106 0.203751 0.003252 0.047446 0.023025 0.061674 0.000486 0.058049 0.074721 0.204578 0.007325 0.219422 1.000000 0.035617 0.035662 0.520340 0.021906 0.048684 0.608985 0.035565 0.043091 0.041837 0.022827 0.075507 0.017775 0.031793 0.157393 0.236408 0.071316 0.746203 0.043824 0.042580 0.036598 0.365483 0.085002 0.133163 0.265184 0.062668 0.017077 0.123755 0.038025 0.043116 0.081242 0.040357 0.029414 0.030288 0.040869 0.054543 0.045837 0.052053 0.070425 0.073905 0.015471 0.188103 0.528966 0.123641 0.160625 0.259047 0.366705 0.179152 0.438761 0.392050 0.233425 0.053051 0.059263 0.046715 0.064511 0.028354 0.038122 0.063733
0.183447 0.053856 0.006561 0.005002 0.074424 0.086714 0.036401 0.043971 0.005100 0.055721 0.001831 0.005598 0.011257 0.006616 0.035617 1.000000 0.051670 0.016677 0.362158 0.167120 0.056643 0.154692 0.276663 0.081809 0.035156 0.257452 0.308887 0.331376 0.007528 0.021869 0.185195 0.023735 0.128247 0.360351 0.056469 0.014076 0.310487 0.004270 0.008299 0.437467 0.033852 0.129183 0.273306 0.060657 0.439624 0.090395 0.441360 0.924951 0.494891 0.635804 0.765912 0.519581 0.103575 0.122049 0.027367 0.018252 0.066434 0.003818 0.005601 0.008143 0.013573 0.118933 0.015713 0.065311 0.115889 0.015045 0.041097 0.112356 0.227102 0.006867 0.063844 0.062335
0.019131 0.052495 0.014582 0.010991 0.023833 0.075870 0.111269 0.076656 0.015822 0.109640 0.003885 0.022340 0.024592 0.014076 0.035662 0.051670 1.000000 0.029125 0.051082 0.123077 0.095563 0.081807 0.089356 0.131318 0.086811 0.216407 0.020058 0.041130 0.012082 0.044391 0.143236 0.037289 0.087828 0.146680 0.114262 0.038156 0.180455 0.005636 0.017646 0.084949 0.065366 0.257578 0.095443 0.119079 0.183739 0.141177 0.060667 0.042982 0.058277 0.092948 0.062422 0.059304 0.164974 0.165563 0.058775 0.037143 0.048832 0.006264 0.013097 0.018209 0.031342 0.208045 0.035500 0.107382 0.213577 0.048475 0.070396 0.039410 0.067339 0.089590 0.263168 0.065660
0.005682 0.038450 0.007652 0.271852 0.006656 0.035882 0.022418 0.012432 0.012177 0.048924 0.078114 0.315800 0.008164 0.284262 0.520340 0.016677 0.029125 1.000000 0.014420 0.039343 0.387257 0.028264 0.030210 0.043469 0.025158 0.067517 0.012322 0.018733 0.139196 0.285308 0.056484 0.602059 0.036611 0.034706 0.032468 0.475094 0.075048 0.140050 0.362679 0.036047 0.027505 0.078954 0.026333 0.047266 0.066154 0.033090 0.018781 0.016681 0.030099 0.041058 0.028758 0.028744 0.044486 0.060498 0.017178 0.188801 0.502523 0.129396 0.190778 0.312306 0.480179 0.168587 0.548962 0.287043 0.156459 0.006291 0.010050 0.008834 0.018609 0.003232 0.014615 0.009238
0.428534 0.025443 0.007315 0.003371 0.017620 0.058510 0.035427 0.175432 0.009569 0.054816 0.001252 0.004788 0.011315 0.004180 0.021906 0.362158 0.051082 0.014420 1.000000 0.515670 0.044031 0.134080 0.231903 0.070530 0.032047 0.234387 0.340559 0.349602 0.005491 0.018266 0.204173 0.017806 0.123094 0.415378 0.054022 0.009590 0.302233 0.002864 0.005797 0.442459 0.031293 0.120600 0.585908 0.058944 0.228242 0.075846 0.390033 0.302108 0.738161 0.511671 0.437583 0.542543 0.094729 0.119647 0.027777 0.016651 0.055858 0.002812 0.003909 0.005008 0.009233 0.112466 0.012541 0.058897 0.103947 0.097551 0.173804 0.014997 0.048130 0.008929 0.066862 0.063668
0.108561 0.062138 0.027205 0.012718 0.033449 0.120435 0.105874 0.165386 0.018181 0.155455 0.003845 0.023552 0.039574 0.013917 0.048684 0.167120 0.123077 0.039343 0.515670 1.000000 0.132293 0.145956 0.185057 0.188574 0.099479 0.389287 0.097380 0.139538 0.017565 0.072868 0.233862 0.047619 0.155813 0.327553 0.146621 0.039192 0.335242 0.006457 0.019931 0.222978 0.096063 0.135892 0.521199 0.195170 0.242949 0.163990 0.208458 0.130143 0.433618 0.289507 0.224669 0.219039 0.240606 0.215817 0.088381 0.051043 0.070751 0.007003 0.012306 0.026769 0.039759 0.337153 0.049405 0.159641 0.396205 0.088794 0.148375 0.039775 0.071356 0.021110 0.072584 0.072778
0.024241 0.082020 0.021837 0.223511 0.032250 0.107758 0.088138 0.056110 0.016733 0.173754 0.076499 0.489747 0.028609 0.275307 0.608985 0.056643 0.095563 0.387257 0.044031 0.132293 1.000000 0.095402 0.113203 0.160568 0.084718 0.247489 0.033472 0.057083 0.230677 0.491440 0.193082 0.453694 0.117349 0.122895 0.118431 0.602001 0.206589 0.133436 0.316310 0.101798 0.106324 0.204523 0.078950 0.144630 0.214829 0.126570 0.060466 0.049880 0.070655 0.104841 0.076725 0.075143 0.147466 0.212240 0.058993 0.225971 0.519192 0.124091 0.196849 0.213060 0.411060 0.336574 0.431845 0.485210 0.386699 0.037505 0.049014 0.042882 0.071085 0.020965 0.052786 0.048375
0.043546 0.060179 0.015500 0.022702 0.035176 0.090103 0.080565 0.038827 0.012334 0.123093 0.021731 0.024392 0.023083 0.025626 0.035565 0.154692 0.081807 0.028264 0.134080 0.145956 0.095402 1.000000 0.593419 0.135471 0.070896 0.244440 0.062705 0.089120 0.029374 0.039377 0.264920 0.035616 0.121851 0.179019 0.104939 0.035726 0.233309 0.021879 0.029622 0.167858 0.094266 0.121642 0.161163 0.124895 0.237583 0.107636 0.570829 0.122728 0.175273 0.217878 0.211805 0.137317 0.354915 0.193280 0.056604 0.070395 0.068694 0.041243 0.044569 0.017291 0.031232 0.209782 0.037477 0.130151 0.220592 0.018749 0.032341 0.024438 0.050369 0.012116 0.047505 0.024570
0.127328 0.068860 0.020640 0.009836 0.040686 0.119893 0.093926 0.049417 0.004063 0.139628 0.003891 0.016994 0.030097 0.011296 0.043091 0.276663 0.089356 0.030210 0.231903 0.185057 0.113203 0.593419 1.000000 0.161215 0.088308 0.325048 0.315463 0.322075 0.014402 0.037343 0.198430 0.039332 0.161679 0.257064 0.135191 0.031139 0.355174 0.006142 0.015659 0.318257 0.086668 0.147686 0.214399 0.137147 0.314976 0.136739 0.696403 0.240030 0.303671 0.382230 0.350759 0.344913 0.417576 0.181995 0.068249 0.047697 0.070180 0.008792 0.011873 0.019407 0.030784 0.263665 0.036097 0.145349 0.267308 0.024591 0.043123 0.032778 0.069375 0.016162 0.065316 0.032498
0.033969 0.119622 0.038489 0.011175 0.445613 0.320653 0.310016 0.058662 0.013234 0.223387 0.001538 0.033723 0.051999 0.014342 0.041837 0.081809 0.131318 0.043469 0.070530 0.188574 0.160568 0.135471 0.161215 1.000000 0.287820 0.378832 0.037651 0.080250 0.016585 0.061211 0.226159 0.051988 0.166796 0.208421 0.312514 0.052443 0.279382 0.004548 0.019496 0.117440 0.178196 0.175765 0.127521 0.226541 0.348120 0.390624 0.089082 0.074570 0.085127 0.152301 0.094547 0.080185 0.236958 0.251397 0.111248 0.071601 0.053308 0.004015 0.010621 0.013472 0.035676 0.400774 0.042939 0.209663 0.367334 0.037498 0.050568 0.046044 0.075456 0.025794 0.073945 0.047971
0.016503 0.042395 0.016093 0.005898 0.078370 0.098300 0.507575 0.036404 0.003363 0.115211 0.000628 0.013805 0.023641 0.006786 0.022827 0.035156 0.086811 0.025158 0.032047 0.099479 0.084718 0.070896 0.088308 0.287820 1.000000 0.229537 0.017209 0.038340 0.007613 0.033355 0.115795 0.027708 0.088031 0.112328 0.643847 0.022652 0.150747 0.001786 0.009803 0.057512 0.070739 0.077670 0.079077 0.114849 0.176629 0.552420 0.039767 0.030809 0.034145 0.069044 0.045085 0.035312 0.144493 0.132649 0.052584 0.030564 0.028290 0.001704 0.004687 0.010348 0.019852 0.228847 0.023920 0.099153 0.229721 0.024779 0.031783 0.032372 0.047470 0.014373 0.039520 0.032101
0.128562 0.107267 0.058247 0.018492 0.067646 0.230477 0.233291 0.120406 0.053716 0.346019 0.004674 0.041839 0.086809 0.022836 0.075507 0.257452 0.216407 0.067517 0.234387 0.389287 0.247489 0.244440 0.325048 0.378832 0.229537 1.000000 0.159853 0.223756 0.028487 0.096760 0.440434 0.084595 0.394684 0.482760 0.335589 0.075776 0.548177 0.008814 0.031118 0.315564 0.210791 0.329270 0.353964 0.358391 0.554583 0.343249 0.275941 0.226092 0.281530 0.385542 0.285872 0.273191 0.369872 0.484053 0.191145 0.105193 0.108333 0.008918 0.019318 0.035055 0.063251 0.636284 0.075874 0.318186 0.650844 0.073458 0.101132 0.101786 0.173713 0.047154 0.133945 0.099170
0.271648 0.011033 0.003214 0.003090 0.006418 0.065687 0.019410 0.021011 0.001142 0.027921 0.000823 0.006682 0.006020 0.003577 0.017775 0.308887 0.020058 0.012322 0.340559 0.097380 0.033472 0.062705 0.315463 0.037651 0.017209 0.159853 1.000000 0.841196 0.004405 0.011994 0.121736 0.013972 0.055997 0.186530 0.026597 0.010662 0.238066 0.001757 0.005351 0.420235 0.016506 0.105082 0.219575 0.032857 0.158119 0.028085 0.279025 0.275981 0.468610 0.519145 0.417514 0.703681 0.042862 0.053425 0.013682 0.013099 0.056222 0.003018 0.003160 0.007535 0.011170 0.062838 0.012546 0.047467 0.067912 0.004475 0.019386 0.005108 0.028101 0.003391 0.039850 0.005632
0.288221 0.027166 0.008577 0.009860 0.029002 0.092218 0.041744 0.033387 0.002203 0.059915 0.009548 0.007635 0.013554 0.010456 0.031793 0.331376 0.041130 0.018733 0.349602 0.139538 0.057083 0.089120 0.322075 0.080250 0.038340 0.223756 0.841196 1.000000 0.012169 0.018988 0.222207 0.025640 0.088224 0.240197 0.056089 0.016863 0.280111 0.009180 0.014363 0.477664 0.036512 0.134317 0.253652 0.065459 0.262620 0.060635 0.284157 0.286933 0.536764 0.543286 0.411505 0.746595 0.079167 0.103171 0.031972 0.033083 0.075170 0.017702 0.013783 0.013167 0.019107 0.125827 0.022410 0.080315 0.127741 0.010599 0.029579 0.012131 0.042749 0.006864 0.052254 0.013181
0.001433 0.017148 0.003263 0.404629 0.005902 0.031347 0.007437 0.005455 0.000558 0.025210 0.517621 0.176214 0.003720 0.447264 0.157393 0.007528 0.012082 0.139196 0.005491 0.017565 0.230677 0.029374 0.014402 0.016585 0.007613 0.028487 0.004405 0.012169 1.000000 0.205785 0.030676 0.152046 0.015397 0.011289 0.011607 0.235332 0.032508 0.817411 0.585442 0.045300 0.011226 0.069599 0.010739 0.017771 0.026039 0.011216 0.013360 0.004448 0.014932 0.020218 0.018338 0.026335 0.018762 0.027968 0.006570 0.656851 0.577696 0.550958 0.733792 0.070583 0.182389 0.056287 0.248832 0.325996 0.080278 0.002523 0.004382 0.002630 0.007799 0.000888 0.006387 0.003471
0.006185 0.052678 0.005875 0.218328 0.013485 0.049998 0.033994 0.078188 0.002711 0.063405 0.071899 0.475148 0.009188 0.296959 0.236408 0.021869 0.044391 0.285308 0.018266 0.072868 0.491440 0.039377 0.037343 0.061211 0.033355 0.096760 0.011994 0.018988 0.205785 1.000000 0.069892 0.238479 0.041222 0.040497 0.049126 0.493978 0.078967 0.119914 0.303424 0.028430 0.049429 0.073899 0.029776 0.060577 0.097371 0.069695 0.020228 0.020466 0.029605 0.039885 0.030617 0.023977 0.072279 0.082245 0.019424 0.153343 0.389813 0.113367 0.202584 0.182323 0.335501 0.149645 0.431057 0.263140 0.195371 0.067670 0.072865 0.071416 0.083080 0.018663 0.031221 0.074636
0.084981 0.062562 0.034012 0.027784 0.059557 0.139101 0.127312 0.063955 0.040554 0.274124 0.010244 0.057083 0.045355 0.036400 0.071316 0.185195 0.143236 0.056484 0.204173 0.233862 0.193082 0.264920 0.198430 0.226159 0.115795 0.440434 0.121736 0.222207 0.030676 0.069892 1.000000 0.068737 0.289922 0.370860 0.170269 0.080912 0.377631 0.014266 0.038331 0.235777 0.128802 0.250249 0.243095 0.207012 0.314631 0.170699 0.201778 0.149525 0.291974 0.286383 0.205213 0.259846 0.213375 0.472822 0.095532 0.116121 0.094084 0.015862 0.023241 0.035229 0.064580 0.386499 0.069095 0.311059 0.374963 0.032750 0.053563 0.038380 0.071756 0.020431 0.077246 0.040466
0.008139 0.048895 0.006756 0.250516 0.005305 0.052555 0.028863 0.016983 0.011198 0.058800 0.094577 0.217115 0.008342 0.260428 0.746203 0.023735 0.037289 0.602059 0.017806 0.047619 0.453694 0.035616 0.039332 0.051988 0.027708 0.084595 0.013972 0.025640 0.152046 0.238479 0.068737 1.000000 0.042861 0.042929 0.042017 0.363584 0.089279 0.150333 0.299716 0.050432 0.025770 0.097653 0.034120 0.052489 0.079594 0.036757 0.023599 0.022847 0.033115 0.051598 0.035913 0.038706 0.062634 0.075399 0.021287 0.204628 0.543499 0.153660 0.220968 0.306497 0.437594 0.183631 0.544027 0.340584 0.214607 0.008880 0.013954 0.007136 0.019053 0.004347 0.016628 0.011474
0.044256 0.040514 0.022689 0.009196 0.013414 0.092656 0.096174 0.044777 0.032665 0.171290 0.002613 0.019936 0.033401 0.011944 0.043824 0.128247 0.087828 0.036611 0.123094 0.155813 0.117349 0.121851 0.161679 0.166796 0.088031 0.394684 0.055997 0.088224 0.015397 0.041222 0.289922 0.042861 1.000000 0.407315 0.138220 0.038548 0.276258 0.004198 0.016627 0.163356 0.081325 0.135852 0.163518 0.155794 0.199502 0.129691 0.169319 0.098958 0.169049 0.203367 0.135002 0.122845 0.172983 0.343476 0.075056 0.061728 0.055623 0.004645 0.008961 0.025509 0.037756 0.285293 0.042026 0.173310 0.295902 0.024378 0.036620 0.035652 0.058519 0.016373 0.056836 0.033897
0.140445 0.050191 0.033419 0.006868 0.035477 0.123611 0.124552 0.098338 0.044897 0.198794 0.001621 0.016982 0.056027 0.010176 0.042580 0.360351 0.146680 0.034706 0.415378 0.327553 0.122895 0.179019 0.257064 0.208421 0.112328 0.482760 0.186530 0.240197 0.011289 0.040497 0.370860 0.042929 0.407315 1.000000 0.174362 0.033248 0.484948 0.003365 0.013097 0.391359 0.095831 0.190548 0.370154 0.179990 0.335671 0.173761 0.373110 0.317453 0.516934 0.526923 0.355982 0.374779 0.211930 0.389270 0.129144 0.053436 0.065752 0.003901 0.008097 0.012970 0.026758 0.334038 0.033626 0.163393 0.315556 0.050583 0.090588 0.052761 0.100889 0.055948 0.191362 0.064931
0.024742 0.059595 0.024628 0.009079 0.066496 0.130810 0.410169 0.101681 0.002963 0.183793 0.001340 0.020613 0.038134 0.010617 0.036598 0.056469 0.114262 0.032468 0.054022 0.146621 0.118431 0.104939 0.135191 0.312514 0.643847 0.335589 0.026597 0.056089 0.011607 0.049126 0.170269 0.042017 0.138220 0.174362 1.000000 0.032592 0.230454 0.003454 0.014771 0.089586 0.110027 0.130776 0.113227 0.173827 0.236046 0.575603 0.064181 0.049804 0.055023 0.104977 0.069963 0.054476 0.204454 0.198157 0.081515 0.055506 0.041598 0.003220 0.008267 0.011596 0.025765 0.334126 0.034807 0.164761 0.330188 0.085141 0.095060 0.112327 0.129541 0.056981 0.085235 0.114121
0.005120 0.039815 0.009560 0.335857 0.019575 0.044595 0.025082 0.017353 0.008375 0.070407 0.138743 0.798161 0.011601 0.438995 0.365483 0.014076 0.038156 0.475094 0.009590 0.039192 0.602001 0.035726 0.031139 0.052443 0.022652 0.075776 0.010662 0.016863 0.235332 0.493978 0.080912 0.363584 0.038548 0.033248 0.032592 1.000000 0.075635 0.209683 0.486025 0.032762 0.040880 0.101758 0.019881 0.045617 0.076478 0.036226 0.015493 0.012698 0.021224 0.033370 0.025361 0.023270 0.045439 0.098184 0.019768 0.262385 0.560462 0.219367 0.335644 0.282013 0.593299 0.171245 0.564753 0.346025 0.161371 0.010738 0.015156 0.023121 0.033537 0.002711 0.015078 0.016881
0.141864 0.086375 0.057705 0.028136 0.054472 0.186504 0.165345 0.096883 0.036787 0.267086 0.011088 0.043783 0.063421 0.032452 0.085002 0.310487 0.180455 0.075048 0.302233 0.335242 0.206589 0.233309 0.355174 0.279382 0.150747 0.548177 0.238066 0.280111 0.032508 0.078967 0.377631 0.089279 0.276258 0.484948 0.230454 0.075635 1.000000 0.016898 0.039483 0.405404 0.186370 0.282705 0.319002 0.267651 0.410484 0.234141 0.325387 0.282882 0.367631 0.489684 0.369272 0.370116 0.297736 0.363524 0.137971 0.104561 0.122895 0.017479 0.025882 0.043934 0.070237 0.481761 0.079581 0.292174 0.472653 0.054174 0.083860 0.068955 0.119375 0.048633 0.167350 0.073375
0.000294 0.009922 0.000339 0.636775 0.000540 0.018698 0.001783 0.002984 0.001044 0.008903 0.570231 0.158429 0.000580 0.671258 0.133163 0.004270 0.005636 0.140050 0.002864 0.006457 0.133436 0.021879 0.006142 0.004548 0.001786 0.008814 0.001757 0.009180 0.817411 0.119914 0.014266 0.150333 0.004198 0.003365 0.003454 0.209683 0.016898 1.000000 0.722849 0.038592 0.002553 0.052390 0.004364 0.006437 0.009651 0.002579 0.008956 0.001729 0.010026 0.012600 0.013040 0.021292 0.009218 0.011848 0.002532 0.671805 0.588898 0.622693 0.764695 0.065328 0.179609 0.034314 0.292743 0.300827 0.033964 0.001466 0.002592 0.001007 0.004252 0.000433 0.003226 0.001981
0.001376 0.026675 0.003662 0.872785 0.002991 0.029187 0.009525 0.008763 0.002649 0.028982 0.503059 0.345791 0.003801 0.880273 0.265184 0.008299 0.017646 0.362679 0.005797 0.019931 0.316310 0.029622 0.015659 0.019496 0.009803 0.031118 0.005351 0.014363 0.585442 0.303424 0.038331 0.299716 0.016627 0.013097 0.014771 0.486025 0.039483 0.722849 1.000000 0.042994 0.014648 0.082086 0.011906 0.024265 0.031876 0.014303 0.012555 0.005745 0.016395 0.022587 0.019705 0.025800 0.026366 0.040178 0.007833 0.668975 0.749445 0.649360 0.684579 0.251908 0.467349 0.116505 0.582302 0.404672 0.100531 0.004786 0.007401 0.008657 0.015289 0.001413 0.007527 0.007584
0.462548 0.031427 0.019702 0.033221 0.018887 0.088221 0.070062 0.055113 0.014520 0.100244 0.013033 0.020722 0.025622 0.033929 0.062668 0.437467 0.084949 0.036047 0.442459 0.222978 0.101798 0.167858 0.318257 0.117440 0.057512 0.315564 0.420235 0.477664 0.045300 0.028430 0.235777 0.050432 0.163356 0.391359 0.089586 0.032762 0.405404 0.038592 0.042994 1.000000 0.062191 0.344282 0.361959 0.109557 0.278315 0.089637 0.470629 0.392339 0.583817 0.664972 0.524086 0.745388 0.143713 0.173061 0.056315 0.055044 0.177196 0.027571 0.034870 0.012299 0.029210 0.191238 0.038847 0.134208 0.197851 0.020979 0.049670 0.025047 0.067645 0.015924 0.103178 0.027054
0.019698 0.036179 0.100777 0.008396 0.027215 0.085177 0.128100 0.026975 0.104320 0.202646 0.002152 0.037144 0.053783 0.013705 0.017077 0.033852 0.065366 0.027505 0.031293 0.096063 0.106324 0.094266 0.086668 0.178196 0.070739 0.210791 0.016506 0.036512 0.011226 0.049429 0.128802 0.025770 0.081325 0.095831 0.110027 0.040880 0.186370 0.002553 0.014648 0.062191 1.000000 0.166790 0.058600 0.588889 0.157087 0.107178 0.045322 0.029503 0.035651 0.074503 0.047473 0.040267 0.122026 0.252167 0.146836 0.037652 0.032649 0.003629 0.009075 0.009229 0.026707 0.215184 0.027249 0.117558 0.204672 0.015986 0.021835 0.018926 0.032996 0.011732 0.037067 0.020063
0.111003 0.040701 0.036400 0.069103 0.062351 0.131529 0.129710 0.042080 0.058475 0.310088 0.030730 0.072033 0.045575 0.076420 0.123755 0.129183 0.257578 0.078954 0.120600 0.135892 0.204523 0.121642 0.147686 0.175765 0.077670 0.329270 0.105082 0.134317 0.069599 0.073899 0.250249 0.097653 0.135852 0.190548 0.130776 0.101758 0.282705 0.052390 0.082086 0.344282 0.166790 1.000000 0.128070 0.193908 0.218812 0.118221 0.161242 0.112197 0.174408 0.233150 0.191406 0.262455 0.135340 0.258706 0.097796 0.203888 0.191828 0.048534 0.058594 0.047322 0.085497 0.295351 0.095488 0.488290 0.280875 0.022715 0.035862 0.028499 0.053766 0.060917 0.192660 0.040217
0.212230 0.051142 0.014753 0.008739 0.026230 0.091705 0.080453 0.156003 0.008661 0.098698 0.002016 0.008094 0.025254 0.007577 0.038025 0.273306 0.095443 0.026333 0.585908 0.521199 0.078950 0.161163 0.214399 0.127521 0.079077 0.353964 0.219575 0.253652 0.010739 0.029776 0.243095 0.034120 0.163518 0.370154 0.113227 0.019881 0.319002 0.004364 0.011906 0.361959 0.058600 0.128070 1.000000 0.148320 0.234074 0.141535 0.301852 0.234140 0.562518 0.440056 0.329396 0.400365 0.154335 0.179786 0.059071 0.032079 0.065387 0.004343 0.007391 0.015105 0.022642 0.280757 0.028047 0.102345 0.320826 0.083663 0.142479 0.031008 0.067367 0.015452 0.074500 0.064612
0.034506 0.074623 0.090724 0.014560 0.024341 0.128230 0.144741 0.056991 0.430673 0.371332 0.005254 0.025486 0.097198 0.016489 0.043116 0.060657 0.119079 0.047266 0.058944 0.195170 0.144630 0.124895 0.137147 0.226541 0.114849 0.358391 0.032857 0.065459 0.017771 0.060577 0.207012 0.052489 0.155794 0.179990 0.173827 0.045617 0.267651 0.006437 0.024265 0.109557 0.588889 0.193908 0.148320 1.000000 0.232483 0.164228 0.074603 0.052021 0.067389 0.141015 0.083206 0.074360 0.206842 0.391022 0.262807 0.069407 0.059511 0.009202 0.013815 0.025689 0.043920 0.354500 0.048997 0.198531 0.373341 0.032673 0.044621 0.039535 0.064257 0.022755 0.082092 0.041383
0.169684 0.213433 0.035043 0.020052 0.275179 0.254105 0.167416 0.082149 0.025188 0.236025 0.005778 0.038097 0.050778 0.023227 0.081242 0.439624 0.183739 0.066154 0.228242 0.242949 0.214829 0.237583 0.314976 0.348120 0.176629 0.554583 0.158119 0.262620 0.026039 0.097371 0.314631 0.079594 0.199502 0.335671 0.236046 0.076478 0.410484 0.009651 0.031876 0.278315 0.157087 0.218812 0.234074 0.232483 1.000000 0.301154 0.295357 0.433804 0.324049 0.388314 0.367374 0.333841 0.302629 0.295211 0.112565 0.074068 0.107705 0.010438 0.018178 0.045430 0.069447 0.440797 0.073469 0.235602 0.426937 0.043594 0.072535 0.082512 0.191005 0.030804 0.119395 0.070120
0.027711 0.086359 0.022785 0.008205 0.244482 0.210588 0.393229 0.237097 0.003926 0.165991 0.000844 0.021018 0.035097 0.009861 0.040357 0.090395 0.141177 0.033090 0.075846 0.163990 0.126570 0.107636 0.136739 0.390624 0.552420 0.343249 0.028085 0.060635 0.011216 0.069695 0.170699 0.036757 0.129691 0.173761 0.575603 0.036226 0.234141 0.002579 0.014303 0.089637 0.107178 0.118221 0.141535 0.164228 0.301154 1.000000 0.074737 0.081428 0.074986 0.117075 0.088996 0.064026 0.225638 0.193871 0.080193 0.046963 0.042811 0.002501 0.007327 0.011772 0.026800 0.346454 0.034339 0.149085 0.325785 0.217300 0.231231 0.236898 0.260073 0.104393 0.130602 0.260149
0.200309 0.048062 0.008860 0.009234 0.033133 0.072146 0.044882 0.054182 0.013862 0.070966 0.003334 0.008811 0.014542 0.010166 0.029414 0.441360 0.060667 0.018781 0.390033 0.208458 0.060466 0.570829 0.696403 0.089082 0.039767 0.275941 0.279025 0.284157 0.013360 0.020228 0.201778 0.023599 0.169319 0.373110 0.064181 0.015493 0.325387 0.008956 0.012555 0.470629 0.045322 0.161242 0.301852 0.074603 0.295357 0.074737 1.000000 0.387118 0.499681 0.538988 0.488242 0.476479 0.330991 0.154838 0.036628 0.027750 0.075720 0.008608 0.010906 0.006464 0.014186 0.138241 0.017572 0.081322 0.127819 0.021748 0.051170 0.021763 0.066347 0.012201 0.076734 0.025188
0.165730 0.052690 0.006319 0.003165 0.074837 0.077839 0.030720 0.032405 0.006474 0.050039 0.001274 0.004249 0.010685 0.004665 0.030288 0.924951 0.042982 0.016681 0.302108 0.130143 0.049880 0.122728 0.240030 0.074570 0.030809 0.226092 0.275981 0.286933 0.004448 0.020466 0.149525 0.022847 0.098958 0.317453 0.049804 0.012698 0.282882 0.001729 0.005745 0.392339 0.029503 0.112197 0.234140 0.052021 0.433804 0.081428 0.387118 1.000000 0.441143 0.599711 0.725425 0.482711 0.083521 0.094723 0.024207 0.017082 0.055908 0.002054 0.003376 0.007605 0.012253 0.104987 0.013959 0.063756 0.099835 0.008981 0.030077 0.117512 0.234005 0.005491 0.056681 0.060969
0.295811 0.037174 0.009085 0.012014 0.040296 0.078582 0.037838 0.131541 0.010070 0.066204 0.005013 0.011365 0.013872 0.013319 0.040869 0.494891 0.058277 0.030099 0.738161 0.433618 0.070655 0.175273 0.303671 0.085127 0.034145 0.281530 0.468610 0.536764 0.014932 0.029605 0.291974 0.033115 0.169049 0.516934 0.055023 0.021224 0.367631 0.010026 0.016395 0.583817 0.035651 0.174408 0.562518 0.067389 0.324049 0.074986 0.499681 0.441143 1.000000 0.690663 0.558056 0.696903 0.112768 0.161196 0.033108 0.034133 0.089193 0.009336 0.011629 0.014667 0.022600 0.133538 0.026290 0.099540 0.129997 0.063016 0.128914 0.025510 0.076008 0.011125 0.088244 0.049859
0.314789 0.051029 0.017229 0.015769 0.045801 0.116075 0.075591 0.071242 0.020119 0.118307 0.006438 0.017906 0.026220 0.017729 0.054543 0.635804 0.092948 0.041058 0.511671 0.289507 0.104841 0.217878 0.382230 0.152301 0.069044 0.385542 0.519145 0.543286 0.020218 0.039885 0.286383 0.051598 0.203367 0.526923 0.104977 0.033370 0.489684 0.012600 0.022587 0.664972 0.074503 0.233150 0.440056 0.141015 0.388314 0.117075 0.538988 0.599711 0.690663 1.000000 0.776997 0.766155 0.179420 0.212819 0.061611 0.048984 0.117031 0.012538 0.016597 0.025024 0.037056 0.233645 0.042525 0.142345 0.241897 0.028335 0.064207 0.048885 0.120857 0.028975 0.145341 0.045141
0.240503 0.045933 0.011082 0.014127 0.047392 0.091339 0.048498 0.059168 0.011752 0.080241 0.005443 0.013971 0.017508 0.015866 0.045837 0.765912 0.062422 0.028758 0.437583 0.224669 0.076725 0.211805 0.350759 0.094547 0.045085 0.285872 0.417514 0.411505 0.018338 0.030617 0.205213 0.035913 0.135002 0.355982 0.069963 0.025361 0.369272 0.013040 0.019705 0.524086 0.047473 0.191406 0.329396 0.083206 0.367374 0.088996 0.488242 0.725425 0.558056 0.776997 1.000000 0.597248 0.143695 0.144865 0.038763 0.035125 0.099873 0.010900 0.014394 0.016500 0.025798 0.155321 0.030187 0.102834 0.158809 0.023626 0.054983 0.063812 0.151094 0.009365 0.070627 0.045102
0.543975 0.031761 0.009710 0.019368 0.032791 0.089823 0.041913 0.054743 0.015465 0.064875 0.008238 0.012887 0.013465 0.020389 0.052053 0.519581 0.059304 0.028744 0.542543 0.219039 0.075143 0.137317 0.344913 0.080185 0.035312 0.273191 0.703681 0.746595 0.026335 0.023977 0.259846 0.038706 0.122845 0.374779 0.054476 0.023270 0.370116 0.021292 0.025800 0.745388 0.040267 0.262455 0.400365 0.074360 0.333841 0.064026 0.476479 0.482711 0.696903 0.766155 0.597248 1.000000 0.097382 0.128979 0.033620 0.036151 0.140266 0.016727 0.020435 0.015846 0.025397 0.129568 0.030927 0.096773 0.134661 0.018940 0.051197 0.026349 0.078249 0.013730 0.095024 0.026071
0.041574 0.215342 0.025530 0.018858 0.044390 0.137796 0.142737 0.068604 0.016558 0.186896 0.006493 0.022865 0.040055 0.018609 0.070425 0.103575 0.164974 0.044486 0.094729 0.240606 0.147466 0.354915 0.417576 0.236958 0.144493 0.369872 0.042862 0.079167 0.018762 0.072279 0.213375 0.062634 0.172983 0.211930 0.204454 0.045439 0.297736 0.009218 0.026366 0.143713 0.122026 0.135340 0.154335 0.206842 0.302629 0.225638 0.330991 0.083521 0.112768 0.179420 0.143695 0.097382 1.000000 0.231134 0.095140 0.057125 0.081284 0.011776 0.017638 0.048497 0.062027 0.384055 0.069484 0.171646 0.379774 0.040159 0.057909 0.048557 0.086037 0.025941 0.078366 0.050937
0.049614 0.067302 0.173989 0.024221 0.043706 0.150610 0.155822 0.061319 0.413001 0.460277 0.008755 0.053200 0.187136 0.035251 0.073905 0.122049 0.165563 0.060498 0.119647 0.215817 0.212240 0.193280 0.181995 0.251397 0.132649 0.484053 0.053425 0.103171 0.027968 0.082245 0.472822 0.075399 0.343476 0.389270 0.198157 0.098184 0.363524 0.011848 0.040178 0.173061 0.252167 0.258706 0.179786 0.391022 0.295211 0.193871 0.154838 0.094723 0.161196 0.212819 0.144865 0.128979 0.231134 1.000000 0.341788 0.098985 0.091565 0.013202 0.021394 0.042111 0.074602 0.416022 0.075147 0.277957 0.422062 0.034381 0.050572 0.044553 0.073855 0.026251 0.089449 0.045276
0.016824 0.026267 0.482436 0.004475 0.012253 0.071614 0.069444 0.024342 0.431086 0.278926 0.001595 0.009142 0.689645 0.005423 0.015471 0.027367 0.058775 0.017178 0.027777 0.088381 0.058993 0.056604 0.068249 0.111248 0.052584 0.191145 0.013682 0.031972 0.006570 0.019424 0.095532 0.021287 0.075056 0.129144 0.081515 0.019768 0.137971 0.002532 0.007833 0.056315 0.146836 0.097796 0.059071 0.262807 0.112565 0.080193 0.036628 0.024207 0.033108 0.061611 0.038763 0.033620 0.095140 0.341788 1.000000 0.031756 0.023524 0.003326 0.005459 0.007214 0.016353 0.171154 0.018692 0.085333 0.168704 0.014972 0.019867 0.019312 0.029895 0.010096 0.029385 0.019369
0.005277 0.029973 0.016056 0.584954 0.023138 0.074683 0.033996 0.017838 0.002750 0.104084 0.658272 0.172026 0.021042 0.596732 0.188103 0.018252 0.037143 0.188801 0.016651 0.051043 0.225971 0.070395 0.047697 0.071601 0.030564 0.105193 0.013099 0.033083 0.656851 0.153343 0.116121 0.204628 0.061728 0.053436 0.055506 0.262385 0.104561 0.671805 0.668975 0.055044 0.037652 0.203888 0.032079 0.069407 0.074068 0.046963 0.027750 0.017082 0.034133 0.048984 0.035125 0.036151 0.057125 0.098985 0.031756 1.000000 0.610421 0.834956 0.815525 0.109846 0.235689 0.181306 0.340173 0.608688 0.167537 0.011021 0.014764 0.013917 0.024133 0.006866 0.021441 0.015199
0.054644 0.080013 0.006868 0.631247 0.011344 0.069628 0.029968 0.032295 0.004069 0.070463 0.394362 0.396003 0.009561 0.653387 0.528966 0.066434 0.048832 0.502523 0.055858 0.070751 0.519192 0.068694 0.070180 0.053308 0.028290 0.108333 0.056222 0.075170 0.577696 0.389813 0.094084 0.543499 0.055623 0.065752 0.041598 0.560462 0.122895 0.588898 0.749445 0.177196 0.032649 0.191828 0.065387 0.059511 0.107705 0.042811 0.075720 0.055908 0.089193 0.117031 0.099873 0.140266 0.081284 0.091565 0.023524 0.610421 1.000000 0.546488 0.633707 0.624975 0.770611 0.285542 0.863545 0.548151 0.297208 0.020568 0.028365 0.021009 0.039450 0.009953 0.032597 0.026064
0.000313 0.014275 0.000895 0.573386 0.000772 0.025526 0.001422 0.003420 0.000753 0.010523 0.780078 0.145929 0.000880 0.591023 0.123641 0.003818 0.006264 0.129396 0.002812 0.007003 0.124091 0.041243 0.008792 0.004015 0.001704 0.008918 0.003018 0.017702 0.550958 0.113367 0.015862 0.153660 0.004645 0.003901 0.003220 0.219367 0.017479 0.622693 0.649360 0.027571 0.003629 0.048534 0.004343 0.009202 0.010438 0.002501 0.008608 0.002054 0.009336 0.012538 0.010900 0.016727 0.011776 0.013202 0.003326 0.834956 0.546488 1.000000 0.852069 0.070020 0.178152 0.035843 0.298866 0.338926 0.039303 0.001697 0.002917 0.001060 0.004389 0.000628 0.003967 0.002191
0.001005 0.017769 0.001814 0.581620 0.004079 0.031955 0.005010 0.005324 0.000514 0.017074 0.679614 0.288665 0.002240 0.629181 0.160625 0.005601 0.013097 0.190778 0.003909 0.012306 0.196849 0.044569 0.011873 0.010621 0.004687 0.019318 0.003160 0.013783 0.733792 0.202584 0.023241 0.220968 0.008961 0.008097 0.008267 0.335644 0.025882 0.764695 0.684579 0.034870 0.009075 0.058594 0.007391 0.013815 0.018178 0.007327 0.010906 0.003376 0.011629 0.016597 0.014394 0.020435 0.017638 0.021394 0.005459 0.815525 0.633707 0.852069 1.000000 0.090905 0.243548 0.051766 0.358410 0.364134 0.057065 0.002756 0.004518 0.003378 0.008113 0.001610 0.007597 0.003919
0.000548 0.095297 0.000446 0.218294 0.001124 0.035372 0.006982 0.007623 0.000020 0.029225 0.036558 0.112688 0.000633 0.195841 0.259047 0.008143 0.018209 0.312306 0.005008 0.026769 0.213060 0.017291 0.019407 0.013472 0.010348 0.035055 0.007535 0.013167 0.070583 0.182323 0.035229 0.306497 0.025509 0.012970 0.011596 0.282013 0.043934 0.065328 0.251908 0.012299 0.009229 0.047322 0.015105 0.025689 0.045430 0.011772 0.006464 0.007605 0.014667 0.025024 0.016500 0.015846 0.048497 0.042111 0.007214 0.109846 0.624975 0.070020 0.090905 1.000000 0.919175 0.317499 0.821454 0.297810 0.285190 0.002304 0.005547 0.001876 0.009726 0.000659 0.006423 0.004096
0.003408 0.088613 0.005651 0.386471 0.008771 0.048361 0.017933 0.013281 0.004448 0.053969 0.107933 0.379146 0.006562 0.393302 0.366705 0.013573 0.031342 0.480179 0.009233 0.039759 0.411060 0.031232 0.030784 0.035676 0.019852 0.063251 0.011170 0.019107 0.182389 0.335501 0.064580 0.437594 0.037756 0.026758 0.025765 0.593299 0.070237 0.179609 0.467349 0.029210 0.026707 0.085497 0.022642 0.043920 0.069447 0.026800 0.014186 0.012253 0.022600 0.037056 0.025798 0.025397 0.062027 0.074602 0.016353 0.235689 0.770611 0.178152 0.243548 0.919175 1.000000 0.328049 0.919530 0.398907 0.289680 0.006180 0.010579 0.009714 0.020459 0.001939 0.012088 0.009727
