1.000000 1.000000 0.419069 1.000000 0.043347 0.159437 0.037751 0.000000 0.094809 0.000000 0.035736 0.000000 0.000000 0.001493 0.051403 0.165203 0.018463 0.008156 0.002689 0.023137
1.000000 1.000000 0.419069 1.000000 0.043347 0.159437 0.037751 0.000000 0.094809 0.000000 0.035736 0.000000 0.000000 0.001493 0.051403 0.165203 0.018463 0.008156 0.002689 0.023137
0.419069 0.419069 1.000000 0.419069 0.012036 0.078151 0.010482 0.000000 0.026326 0.000000 0.028000 0.000000 0.000000 0.006059 0.014273 0.080977 0.005127 0.002265 0.032384 0.006425
1.000000 1.000000 0.419069 1.000000 0.043347 0.159437 0.037751 0.000000 0.094809 0.000000 0.035736 0.000000 0.000000 0.001493 0.051403 0.165203 0.018463 0.008156 0.002689 0.023137
0.043347 0.043347 0.012036 0.043347 1.000000 0.087651 0.007793 0.051129 0.019572 0.000000 0.035742 0.112149 0.153981 0.046546 0.010612 0.084208 0.048165 0.106888 0.069616 0.111743
0.159437 0.159437 0.078151 0.159437 0.087651 1.000000 0.332538 0.030817 0.265388 0.065339 0.581841 0.012593 0.215056 0.080673 0.569616 0.994798 0.391624 0.020616 0.142841 0.031505
0.037751 0.037751 0.010482 0.037751 0.007793 0.332538 1.000000 0.000000 0.074180 0.000000 0.143566 0.000000 0.127332 0.018147 0.191086 0.333683 0.105885 0.002385 0.044524 0.006186
0.000000 0.000000 0.000000 0.000000 0.051129 0.030817 0.000000 1.000000 0.000000 0.000000 0.009851 0.229328 0.347237 0.054020 0.000000 0.028034 0.018532 0.000000 0.075955 0.002454
0.094809 0.094809 0.026326 0.094809 0.019572 0.265388 0.074180 0.000000 1.000000 0.000000 0.070221 0.000000 0.000000 0.002934 0.101007 0.274985 0.036279 0.005989 0.000000 0.005403
0.000000 0.000000 0.000000 0.000000 0.000000 0.065339 0.000000 0.000000 0.000000 1.000000 0.394466 0.000000 0.000000 0.000000 0.000000 0.057286 0.021613 0.000000 0.020256 0.000000
0.035736 0.035736 0.028000 0.035736 0.035742 0.581841 0.143566 0.009851 0.070221 0.394466 1.000000 0.006651 0.114729 0.033142 0.333131 0.564599 0.284320 0.009045 0.130268 0.007229
0.000000 0.000000 0.000000 0.000000 0.112149 0.012593 0.000000 0.229328 0.000000 0.000000 0.006651 1.000000 0.805740 0.000000 0.000000 0.013048 0.011725 0.000000 0.024933 0.000000
0.000000 0.000000 0.000000 0.000000 0.153981 0.215056 0.127332 0.347237 0.000000 0.000000 0.114729 0.805740 1.000000 0.066414 0.112859 0.210090 0.151823 0.001834 0.146933 0.005908
0.001493 0.001493 0.006059 0.001493 0.046546 0.080673 0.018147 0.054020 0.002934 0.000000 0.033142 0.000000 0.066414 1.000000 0.004575 0.076391 0.047641 0.007791 0.192939 0.008243
0.051403 0.051403 0.014273 0.051403 0.010612 0.569616 0.191086 0.000000 0.101007 0.000000 0.333131 0.000000 0.112859 0.004575 1.000000 0.567857 0.271196 0.003247 0.044681 0.008424
0.165203 0.165203 0.080977 0.165203 0.084208 0.994798 0.333683 0.028034 0.274985 0.057286 0.564599 0.013048 0.210090 0.076391 0.567857 1.000000 0.388742 0.021068 0.134654 0.032327
0.018463 0.018463 0.005127 0.018463 0.048165 0.391624 0.105885 0.018532 0.036279 0.021613 0.284320 0.011725 0.151823 0.047641 0.271196 0.388742 1.000000 0.001895 0.093197 0.006880
0.008156 0.008156 0.002265 0.008156 0.106888 0.020616 0.002385 0.000000 0.005989 0.000000 0.009045 0.000000 0.001834 0.007791 0.003247 0.021068 0.001895 1.000000 0.017551 0.054455
0.002689 0.002689 0.032384 0.002689 0.069616 0.142841 0.044524 0.075955 0.000000 0.020256 0.130268 0.024933 0.146933 0.192939 0.044681 0.134654 0.093197 0.017551 1.000000 0.009613
0.023137 0.023137 0.006425 0.023137 0.111743 0.031505 0.006186 0.002454 0.005403 0.000000 0.007229 0.000000 0.005908 0.008243 0.008424 0.032327 0.006880 0.054455 0.009613 1.000000
