1.000000 0.038738 0.032830 0.158261 0.023907 0.052416 0.041084 0.368424 0.132548 0.615781 0.037858 0.047682 0.035627 0.088999 0.078685 0.047359 0.073427 0.019424 0.045645 0.082914 0.266396 0.263890 0.127751 0.066122 0.031965 0.120741 0.043496 0.057975 0.047796 0.055269 0.073306 0.074621 0.159122 0.189720 0.533190 0.399740 0.183922 0.369079 0.442079 0.238243 0.056662 0.063026 0.049675 0.067816 0.031524 0.041342 0.067148
0.038738 1.000000 0.927468 0.008117 0.377337 0.174850 0.277194 0.015081 0.004386 0.061922 0.162539 0.289328 0.345997 0.317474 0.265001 0.136565 0.193281 0.317875 0.368318 0.453168 0.008671 0.008756 0.130111 0.447686 0.457087 0.003805 0.506278 0.646461 0.771042 0.532910 0.112466 0.128278 0.005713 0.019962 0.065399 0.069924 0.131076 0.014483 0.016840 0.127360 0.015852 0.041460 0.108097 0.219844 0.007583 0.066508 0.059930
0.032830 0.927468 1.000000 0.005055 0.315464 0.136776 0.236516 0.013704 0.001939 0.054554 0.129162 0.251513 0.300592 0.289043 0.232054 0.105055 0.154490 0.284320 0.323061 0.446865 0.006221 0.008197 0.112804 0.400632 0.401100 0.002185 0.450740 0.608596 0.728869 0.494320 0.091045 0.098639 0.003594 0.018896 0.055006 0.068316 0.115505 0.013164 0.015084 0.109337 0.009862 0.030663 0.112341 0.225579 0.006070 0.058872 0.058155
0.158261 0.008117 0.005055 1.000000 0.006063 0.018769 0.011373 0.236313 0.817995 0.230915 0.031216 0.015921 0.013754 0.033657 0.029562 0.016610 0.031474 0.004976 0.012201 0.026550 0.581295 0.072343 0.070028 0.045678 0.014134 0.550348 0.015681 0.021072 0.018569 0.027265 0.019659 0.028202 0.735780 0.660081 0.573616 0.327647 0.057999 0.181726 0.249522 0.081310 0.002601 0.004503 0.002778 0.008113 0.000930 0.006623 0.003519
0.023907 0.377337 0.315464 0.006063 1.000000 0.509400 0.571152 0.010640 0.003006 0.049016 0.138848 0.240478 0.361036 0.309578 0.241538 0.132500 0.212166 0.347417 0.421973 0.229817 0.006241 0.005531 0.121516 0.452357 0.403351 0.002844 0.743697 0.518850 0.440906 0.553001 0.102766 0.126612 0.004109 0.018529 0.054588 0.063823 0.124658 0.010138 0.013733 0.115256 0.094609 0.166027 0.016180 0.049841 0.009747 0.069054 0.061957
0.052416 0.174850 0.136776 0.018769 0.509400 1.000000 0.517506 0.041311 0.006744 0.140713 0.154916 0.201909 0.150064 0.349802 0.407892 0.169103 0.243108 0.101285 0.335110 0.251493 0.020969 0.027816 0.144210 0.233789 0.215237 0.007118 0.427002 0.296643 0.226143 0.225200 0.257437 0.224008 0.012816 0.054446 0.073117 0.168984 0.356994 0.041307 0.051806 0.417355 0.085811 0.141271 0.042764 0.076105 0.022518 0.076038 0.071746
0.041084 0.277194 0.236516 0.011373 0.571152 0.517506 1.000000 0.021170 0.004431 0.085081 0.166459 0.221867 0.258521 0.324801 0.363649 0.172966 0.248635 0.218906 0.369920 0.235885 0.012457 0.015865 0.129267 0.362647 0.303280 0.004281 0.547574 0.437191 0.322966 0.397388 0.166050 0.185083 0.007585 0.034158 0.064690 0.108359 0.295323 0.023745 0.029672 0.338784 0.079960 0.133745 0.033183 0.070110 0.016544 0.076285 0.062902
0.368424 0.015081 0.013704 0.236313 0.010640 0.041311 0.021170 1.000000 0.209716 0.600081 0.037365 0.033982 0.018990 0.077348 0.077080 0.040913 0.080992 0.011952 0.035114 0.076521 0.486349 0.283794 0.102853 0.034139 0.016827 0.215047 0.022575 0.035266 0.026249 0.024694 0.046646 0.097264 0.334036 0.261923 0.562011 0.346004 0.172871 0.589813 0.563220 0.161556 0.010569 0.015026 0.022304 0.033028 0.002718 0.015279 0.016102
0.132548 0.004386 0.001939 0.817995 0.003006 0.006744 0.004431 0.209716 1.000000 0.130923 0.023025 0.006591 0.010256 0.016950 0.008902 0.004403 0.014280 0.001857 0.003590 0.009496 0.721324 0.066496 0.051228 0.038009 0.009064 0.622264 0.010176 0.012624 0.012729 0.021458 0.009497 0.011749 0.765672 0.675024 0.584324 0.301238 0.034746 0.178199 0.292028 0.033884 0.001468 0.002597 0.001035 0.004302 0.000444 0.003273 0.001951
0.615781 0.061922 0.054554 0.230915 0.049016 0.140713 0.085081 0.600081 0.130923 1.000000 0.101361 0.124210 0.063847 0.214787 0.255201 0.125305 0.196887 0.037006 0.130823 0.218495 0.313681 0.212210 0.210929 0.108839 0.066522 0.119211 0.075327 0.111911 0.080633 0.081105 0.154343 0.212983 0.193564 0.225465 0.517131 0.488265 0.342801 0.405944 0.428935 0.390770 0.038782 0.050636 0.043919 0.073160 0.022063 0.054990 0.049099
0.037858 0.162539 0.129162 0.031216 0.138848 0.154916 0.166459 0.037365 0.023025 0.101361 1.000000 0.593053 0.098572 0.241957 0.256179 0.131071 0.274734 0.066243 0.187342 0.243161 0.030929 0.017686 0.128199 0.174657 0.569964 0.042190 0.177901 0.223724 0.214302 0.144133 0.358372 0.199696 0.045969 0.074053 0.069948 0.137204 0.222503 0.032045 0.038958 0.233364 0.019877 0.033283 0.026047 0.053190 0.012883 0.049726 0.025701
0.047682 0.289328 0.251513 0.015921 0.240478 0.201909 0.221867 0.033982 0.006591 0.124210 0.593053 1.000000 0.326545 0.374220 0.347828 0.177291 0.209415 0.314157 0.274093 0.328254 0.016996 0.020788 0.156118 0.328822 0.698274 0.008953 0.305888 0.390353 0.354621 0.349726 0.435192 0.193754 0.012564 0.052294 0.072126 0.157910 0.290355 0.033011 0.039192 0.292935 0.027376 0.046091 0.036212 0.074883 0.017908 0.070092 0.035444
0.035627 0.345997 0.300592 0.013754 0.361036 0.150064 0.258521 0.018990 0.010256 0.063847 0.098572 0.326545 1.000000 0.287067 0.233416 0.098563 0.232434 0.837589 0.251405 0.268976 0.016081 0.014508 0.133003 0.484052 0.296587 0.019130 0.540957 0.546188 0.411107 0.746792 0.089858 0.111824 0.015397 0.036595 0.074510 0.086863 0.141035 0.021092 0.024960 0.141861 0.011982 0.030950 0.013932 0.045757 0.007764 0.054738 0.014780
0.088999 0.317474 0.289043 0.033657 0.309578 0.349802 0.324801 0.077348 0.016950 0.214787 0.241957 0.374220 0.287067 1.000000 0.560985 0.289444 0.382687 0.237484 0.496190 0.413725 0.040097 0.044388 0.289348 0.415540 0.334327 0.017024 0.367076 0.494462 0.367866 0.374311 0.312392 0.367439 0.025963 0.107599 0.122810 0.300704 0.498758 0.070915 0.081249 0.488898 0.055571 0.084681 0.071133 0.122352 0.049234 0.168599 0.074174
0.078685 0.265001 0.232054 0.029562 0.241538 0.407892 0.363649 0.077080 0.008902 0.255201 0.256179 0.347828 0.233416 0.560985 1.000000 0.405897 0.445340 0.159981 0.493861 0.559133 0.031717 0.034997 0.335081 0.327972 0.284603 0.008672 0.282318 0.392456 0.286303 0.279177 0.387971 0.484276 0.019435 0.107847 0.108835 0.325367 0.652441 0.063404 0.077043 0.665553 0.075257 0.102943 0.102767 0.176282 0.048465 0.137109 0.099350
0.047359 0.136565 0.105055 0.016610 0.132500 0.169103 0.172966 0.040913 0.004403 0.125305 0.131071 0.177291 0.098563 0.289444 0.405897 1.000000 0.300441 0.060665 0.418071 0.207972 0.017603 0.025946 0.144885 0.175645 0.179594 0.004702 0.176426 0.213554 0.140075 0.132030 0.185474 0.349609 0.009384 0.065350 0.057882 0.183053 0.301917 0.038919 0.043909 0.311936 0.025977 0.038610 0.037634 0.061809 0.017325 0.059692 0.035326
0.073427 0.193281 0.154490 0.031474 0.212166 0.243108 0.248635 0.080992 0.014280 0.196887 0.274734 0.209415 0.232434 0.382687 0.445340 0.300441 1.000000 0.121139 0.380034 0.314449 0.038435 0.034616 0.253472 0.242450 0.210111 0.015357 0.297846 0.290375 0.205527 0.265381 0.221357 0.470786 0.023019 0.117129 0.093201 0.313292 0.392506 0.063738 0.068999 0.380926 0.032983 0.053482 0.039374 0.073334 0.020691 0.077943 0.040452
0.019424 0.317875 0.284320 0.004976 0.347417 0.101285 0.218906 0.011952 0.001857 0.037006 0.066243 0.314157 0.837589 0.237484 0.159981 0.060665 0.121139 1.000000 0.190783 0.154143 0.005903 0.008232 0.101933 0.422913 0.286604 0.002895 0.468311 0.519073 0.415441 0.702701 0.047329 0.056605 0.003395 0.014362 0.054116 0.050325 0.069483 0.012243 0.013771 0.073996 0.005076 0.019548 0.005897 0.028933 0.003799 0.040825 0.006340
0.045645 0.368318 0.323061 0.012201 0.421973 0.335110 0.369920 0.035114 0.003590 0.130823 0.187342 0.274093 0.251405 0.496190 0.493861 0.418071 0.380034 0.190783 1.000000 0.340252 0.013904 0.013404 0.195474 0.402034 0.382586 0.003924 0.516799 0.531072 0.354277 0.382108 0.226949 0.397087 0.008419 0.056561 0.065727 0.171952 0.353598 0.027787 0.035307 0.334433 0.050508 0.088771 0.054482 0.102796 0.056003 0.190808 0.064692
0.082914 0.453168 0.446865 0.026550 0.229817 0.251493 0.235885 0.076521 0.009496 0.218495 0.243161 0.328254 0.268976 0.413725 0.559133 0.207972 0.314449 0.154143 0.340252 1.000000 0.031810 0.044371 0.220029 0.279462 0.302165 0.009957 0.323274 0.387869 0.363745 0.334156 0.311854 0.293784 0.017898 0.075117 0.105589 0.238491 0.448778 0.068250 0.073092 0.434449 0.043551 0.071994 0.078161 0.186792 0.030684 0.119884 0.066963
0.266396 0.008671 0.006221 0.581295 0.006241 0.020969 0.012457 0.486349 0.721324 0.313681 0.030929 0.016996 0.016081 0.040097 0.031717 0.017603 0.038435 0.005903 0.013904 0.031810 1.000000 0.258984 0.081119 0.042560 0.012970 0.644240 0.016931 0.023213 0.019628 0.026211 0.027126 0.039843 0.680125 0.668219 0.748187 0.404120 0.118907 0.469402 0.584064 0.100938 0.004678 0.007301 0.008413 0.015139 0.001427 0.007622 0.007260
0.263890 0.008756 0.008197 0.072343 0.005531 0.027816 0.015865 0.283794 0.066496 0.212210 0.017686 0.020788 0.014508 0.044388 0.034997 0.025946 0.034616 0.008232 0.013404 0.044371 0.258984 1.000000 0.047280 0.013400 0.006955 0.068920 0.015548 0.026261 0.017191 0.017147 0.048755 0.040403 0.091534 0.110598 0.637211 0.297440 0.316617 0.922112 0.825240 0.280793 0.002254 0.005428 0.001836 0.009627 0.000635 0.006342 0.003937
0.127751 0.130111 0.112804 0.070028 0.121516 0.144210 0.129267 0.102853 0.051228 0.210929 0.128199 0.156118 0.133003 0.289348 0.335081 0.144885 0.253472 0.101933 0.195474 0.220029 0.081119 0.047280 1.000000 0.341988 0.163729 0.046553 0.171381 0.231639 0.188203 0.257747 0.143757 0.262183 0.057167 0.207742 0.187574 0.497674 0.306183 0.085180 0.095759 0.291162 0.023433 0.036473 0.030024 0.055856 0.059034 0.190768 0.040335
0.066122 0.447686 0.400632 0.045678 0.452357 0.233789 0.362647 0.034139 0.038009 0.108839 0.174657 0.328822 0.484052 0.415540 0.327972 0.175645 0.242450 0.422913 0.402034 0.279462 0.042560 0.013400 0.341988 1.000000 0.479870 0.026306 0.584094 0.667633 0.521869 0.746228 0.156755 0.182927 0.034084 0.057103 0.169827 0.140017 0.210253 0.030429 0.040470 0.215836 0.022510 0.050314 0.027094 0.069857 0.017224 0.106768 0.028698
0.031965 0.457087 0.401100 0.014134 0.403351 0.215237 0.303280 0.016827 0.009064 0.066522 0.569964 0.698274 0.296587 0.334327 0.284603 0.179594 0.210111 0.286604 0.382586 0.302165 0.012970 0.006955 0.163729 0.479870 1.000000 0.008500 0.507355 0.548553 0.493284 0.487969 0.341414 0.162670 0.011039 0.030084 0.073997 0.087439 0.152236 0.015128 0.018810 0.140834 0.022475 0.050900 0.022988 0.068310 0.013186 0.079646 0.026013
0.120741 0.003805 0.002185 0.550348 0.002844 0.007118 0.004281 0.215047 0.622264 0.119211 0.042190 0.008953 0.019130 0.017024 0.008672 0.004702 0.015357 0.002895 0.003924 0.009957 0.644240 0.068920 0.046553 0.026306 0.008500 1.000000 0.009191 0.012222 0.010364 0.016318 0.011674 0.012630 0.849244 0.838722 0.539748 0.336059 0.035203 0.172724 0.294036 0.038250 0.001610 0.002807 0.001010 0.004284 0.000598 0.003890 0.002054
0.043496 0.506278 0.450740 0.015681 0.743697 0.427002 0.547574 0.022575 0.010176 0.075327 0.177901 0.305888 0.540957 0.367076 0.282318 0.176426 0.297846 0.468311 0.516799 0.323274 0.016931 0.015548 0.171381 0.584094 0.507355 0.009191 1.000000 0.688020 0.552341 0.697846 0.118320 0.166050 0.011787 0.036185 0.085878 0.104145 0.142812 0.023766 0.027705 0.138430 0.059783 0.121528 0.025435 0.075485 0.011651 0.088721 0.047492
0.057975 0.646461 0.608596 0.021072 0.518850 0.296643 0.437191 0.035266 0.012624 0.111911 0.223724 0.390353 0.546188 0.494462 0.392456 0.213554 0.290375 0.519073 0.531072 0.387869 0.023213 0.026261 0.231639 0.667633 0.548553 0.012222 0.688020 1.000000 0.774862 0.766031 0.190578 0.219089 0.016690 0.051628 0.113608 0.149133 0.249775 0.038626 0.044614 0.257522 0.028976 0.063186 0.048531 0.119471 0.029736 0.146083 0.044812
0.047796 0.771042 0.728869 0.018569 0.440906 0.226143 0.322966 0.026249 0.012729 0.080633 0.214302 0.354621 0.411107 0.367866 0.286303 0.140075 0.205527 0.415441 0.354277 0.363745 0.019628 0.017191 0.188203 0.521869 0.493284 0.010364 0.552341 0.774862 1.000000 0.592845 0.149657 0.147418 0.014060 0.036401 0.095766 0.106107 0.164495 0.026529 0.031135 0.167336 0.023367 0.052983 0.060214 0.144572 0.009870 0.071016 0.042698
0.055269 0.532910 0.494320 0.027265 0.553001 0.225200 0.397388 0.024694 0.021458 0.081105 0.144133 0.349726 0.746792 0.374311 0.279177 0.132030 0.265381 0.702701 0.382108 0.334156 0.026211 0.017147 0.257747 0.746228 0.487969 0.016318 0.697846 0.766031 0.592845 1.000000 0.106625 0.136347 0.020447 0.038138 0.134553 0.101156 0.143112 0.026892 0.032740 0.147396 0.019776 0.050731 0.027092 0.078791 0.014754 0.097409 0.026727
0.073306 0.112466 0.091045 0.019659 0.102766 0.257437 0.166050 0.046646 0.009497 0.154343 0.358372 0.435192 0.089858 0.312392 0.387971 0.185474 0.221357 0.047329 0.226949 0.311854 0.027126 0.048755 0.143757 0.156755 0.341414 0.011674 0.118320 0.190578 0.149657 0.106625 1.000000 0.237156 0.017873 0.059554 0.083522 0.179243 0.400925 0.062362 0.070891 0.396889 0.041735 0.060015 0.050521 0.089863 0.026992 0.081749 0.052114
0.074621 0.128278 0.098639 0.028202 0.126612 0.224008 0.185083 0.097264 0.011749 0.212983 0.199696 0.193754 0.111824 0.367439 0.484276 0.349609 0.470786 0.056605 0.397087 0.293784 0.039843 0.040403 0.262183 0.182927 0.162670 0.012630 0.166050 0.219089 0.147418 0.136347 0.237156 1.000000 0.020911 0.098479 0.090431 0.276225 0.416818 0.072370 0.073589 0.421979 0.034474 0.050680 0.045040 0.074933 0.025828 0.089221 0.044704
0.159122 0.005713 0.003594 0.735780 0.004109 0.012816 0.007585 0.334036 0.765672 0.193564 0.045969 0.012564 0.015397 0.025963 0.019435 0.009384 0.023019 0.003395 0.008419 0.017898 0.680125 0.091534 0.057167 0.034084 0.011039 0.849244 0.011787 0.016690 0.014060 0.020447 0.017873 0.020911 1.000000 0.818075 0.628880 0.363127 0.052079 0.240025 0.355770 0.056594 0.002658 0.004413 0.003224 0.007949 0.001547 0.007545 0.003693
0.189720 0.019962 0.018896 0.660081 0.018529 0.054446 0.034158 0.261923 0.675024 0.225465 0.074053 0.052294 0.036595 0.107599 0.107847 0.065350 0.117129 0.014362 0.056561 0.075117 0.668219 0.110598 0.207742 0.057103 0.030084 0.838722 0.036185 0.051628 0.036401 0.038138 0.059554 0.098479 0.818075 1.000000 0.609086 0.610345 0.181901 0.233286 0.339414 0.169493 0.011170 0.015044 0.014312 0.024922 0.006937 0.021977 0.015221
0.533190 0.065399 0.055006 0.573616 0.054588 0.073117 0.064690 0.562011 0.584324 0.517131 0.069948 0.072126 0.074510 0.122810 0.108835 0.057882 0.093201 0.054116 0.065727 0.105589 0.748187 0.637211 0.187574 0.169827 0.073997 0.539748 0.085878 0.113608 0.095766 0.134553 0.083522 0.090431 0.628880 0.609086 1.000000 0.549397 0.290735 0.777491 0.870664 0.298948 0.021176 0.028760 0.021461 0.039743 0.010570 0.032850 0.026361
0.399740 0.069924 0.068316 0.327647 0.063823 0.168984 0.108359 0.346004 0.301238 0.488265 0.137204 0.157910 0.086863 0.300704 0.325367 0.183053 0.313292 0.050325 0.171952 0.238491 0.404120 0.297440 0.497674 0.140017 0.087439 0.336059 0.104145 0.149133 0.106107 0.101156 0.179243 0.276225 0.363127 0.610345 0.549397 1.000000 0.473996 0.396323 0.445688 0.473338 0.035744 0.047335 0.043902 0.072978 0.020906 0.063572 0.046842
0.183922 0.131076 0.115505 0.057999 0.124658 0.356994 0.295323 0.172871 0.034746 0.342801 0.222503 0.290355 0.141035 0.498758 0.652441 0.301917 0.392506 0.069483 0.353598 0.448778 0.118907 0.316617 0.306183 0.210253 0.152236 0.035203 0.142812 0.249775 0.164495 0.143112 0.400925 0.416818 0.052079 0.181901 0.290735 0.473996 1.000000 0.328116 0.315884 0.743750 0.069312 0.091635 0.086555 0.135284 0.045044 0.118018 0.088188
0.369079 0.014483 0.013164 0.181726 0.010138 0.041307 0.023745 0.589813 0.178199 0.405944 0.032045 0.033011 0.021092 0.070915 0.063404 0.038919 0.063738 0.012243 0.027787 0.068250 0.469402 0.922112 0.085180 0.030429 0.015128 0.172724 0.023766 0.038626 0.026529 0.026892 0.062362 0.072370 0.240025 0.233286 0.777491 0.396323 0.328116 1.000000 0.919763 0.285383 0.006053 0.010393 0.009366 0.020114 0.001916 0.012037 0.009284
0.442079 0.016840 0.015084 0.249522 0.013733 0.051806 0.029672 0.563220 0.292028 0.428935 0.038958 0.039192 0.024960 0.081249 0.077043 0.043909 0.068999 0.013771 0.035307 0.073092 0.584064 0.825240 0.095759 0.040470 0.018810 0.294036 0.027705 0.044614 0.031135 0.032740 0.070891 0.073589 0.355770 0.339414 0.870664 0.445688 0.315884 0.919763 1.000000 0.291586 0.014221 0.018903 0.014532 0.025953 0.005604 0.016498 0.017181
0.238243 0.127360 0.109337 0.081310 0.115256 0.417355 0.338784 0.161556 0.033884 0.390770 0.233364 0.292935 0.141861 0.488898 0.665553 0.311936 0.380926 0.073996 0.334433 0.434449 0.100938 0.280793 0.291162 0.215836 0.140834 0.038250 0.138430 0.257522 0.167336 0.147396 0.396889 0.421979 0.056594 0.169493 0.298948 0.473338 0.743750 0.285383 0.291586 1.000000 0.074415 0.096586 0.093886 0.144141 0.048444 0.119992 0.096164
0.056662 0.015852 0.009862 0.002601 0.094609 0.085811 0.079960 0.010569 0.001468 0.038782 0.019877 0.027376 0.011982 0.055571 0.075257 0.025977 0.032983 0.005076 0.050508 0.043551 0.004678 0.002254 0.023433 0.022510 0.022475 0.001610 0.059783 0.028976 0.023367 0.019776 0.041735 0.034474 0.002658 0.011170 0.021176 0.035744 0.069312 0.006053 0.014221 0.074415 1.000000 0.994299 0.459751 0.426111 0.346429 0.293853 0.857743
0.063026 0.041460 0.030663 0.004503 0.166027 0.141271 0.133745 0.015026 0.002597 0.050636 0.033283 0.046091 0.030950 0.084681 0.102943 0.038610 0.053482 0.019548 0.088771 0.071994 0.007301 0.005428 0.036473 0.050314 0.050900 0.002807 0.121528 0.063186 0.052983 0.050731 0.060015 0.050680 0.004413 0.015044 0.028760 0.047335 0.091635 0.010393 0.018903 0.096586 0.994299 1.000000 0.453021 0.424819 0.341162 0.300599 0.850093
0.049675 0.108097 0.112341 0.002778 0.016180 0.042764 0.033183 0.022304 0.001035 0.043919 0.026047 0.036212 0.013932 0.071133 0.102767 0.037634 0.039374 0.005897 0.054482 0.078161 0.008413 0.001836 0.030024 0.027094 0.022988 0.001010 0.025435 0.048531 0.060214 0.027092 0.050521 0.045040 0.003224 0.014312 0.021461 0.043902 0.086555 0.009366 0.014532 0.093886 0.459751 0.453021 1.000000 0.979059 0.348257 0.294787 0.809856
0.067816 0.219844 0.225579 0.008113 0.049841 0.076105 0.070110 0.033028 0.004302 0.073160 0.053190 0.074883 0.045757 0.122352 0.176282 0.061809 0.073334 0.028933 0.102796 0.186792 0.015139 0.009627 0.055856 0.069857 0.068310 0.004284 0.075485 0.119471 0.144572 0.078791 0.089863 0.074933 0.007949 0.024922 0.039743 0.072978 0.135284 0.020114 0.025953 0.144141 0.426111 0.424819 0.979059 1.000000 0.322933 0.290285 0.774289
0.031524 0.007583 0.006070 0.000930 0.009747 0.022518 0.016544 0.002718 0.000444 0.022063 0.012883 0.017908 0.007764 0.049234 0.048465 0.017325 0.020691 0.003799 0.056003 0.030684 0.001427 0.000635 0.059034 0.017224 0.013186 0.000598 0.011651 0.029736 0.009870 0.014754 0.026992 0.025828 0.001547 0.006937 0.010570 0.020906 0.045044 0.001916 0.005604 0.048444 0.346429 0.341162 0.348257 0.322933 1.000000 0.915471 0.587965
0.041342 0.066508 0.058872 0.006623 0.069054 0.076038 0.076285 0.015279 0.003273 0.054990 0.049726 0.070092 0.054738 0.168599 0.137109 0.059692 0.077943 0.040825 0.190808 0.119884 0.007622 0.006342 0.190768 0.106768 0.079646 0.003890 0.088721 0.146083 0.071016 0.097409 0.081749 0.089221 0.007545 0.021977 0.032850 0.063572 0.118018 0.012037 0.016498 0.119992 0.293853 0.300599 0.294787 0.290285 0.915471 1.000000 0.512651
0.067148 0.059930 0.058155 0.003519 0.061957 0.071746 0.062902 0.016102 0.001951 0.049099 0.025701 0.035444 0.014780 0.074174 0.099350 0.035326 0.040452 0.006340 0.064692 0.066963 0.007260 0.003937 0.040335 0.028698 0.026013 0.002054 0.047492 0.044812 0.042698 0.026727 0.052114 0.044704 0.003693 0.015221 0.026361 0.046842 0.088188 0.009284 0.017181 0.096164 0.857743 0.850093 0.809856 0.774289 0.587965 0.512651 1.000000
