1.000000 0.306185 0.184201 0.264577 0.446404 0.249647 0.248124 0.262327
0.306185 1.000000 0.212026 0.266969 0.149043 0.299293 0.122080 0.375019
0.184201 0.212026 1.000000 0.234883 0.085739 0.267743 0.093184 0.354684
0.264577 0.266969 0.234883 1.000000 0.130938 0.323208 0.137542 0.392192
0.446404 0.149043 0.085739 0.130938 1.000000 0.121978 0.128120 0.135621
0.249647 0.299293 0.267743 0.323208 0.121978 1.000000 0.132690 0.481448
0.248124 0.122080 0.093184 0.137542 0.128120 0.132690 1.000000 0.176615
0.262327 0.375019 0.354684 0.392192 0.135621 0.481448 0.176615 1.000000
