1.000000 0.223749 0.058966 0.177953 0.144832 0.508407
0.223749 1.000000 0.058887 0.180243 0.146695 0.451146
0.058966 0.058887 1.000000 0.061999 0.039058 0.195940
0.177953 0.180243 0.061999 1.000000 0.118164 0.630488
0.144832 0.146695 0.039058 0.118164 1.000000 0.373856
0.508407 0.451146 0.195940 0.630488 0.373856 1.000000
