1.000000 0.038403 0.048209 0.042546 0.000000 0.064424 0.000000 0.063205 0.306342
0.038403 1.000000 0.295009 0.087272 0.093064 0.191479 0.134943 0.476148 0.191026
0.048209 0.295009 1.000000 0.263461 0.055486 0.152371 0.112021 0.327263 0.145121
0.042546 0.087272 0.263461 1.000000 0.026891 0.217772 0.100381 0.224897 0.054397
0.000000 0.093064 0.055486 0.026891 1.000000 0.079942 0.121149 0.287235 0.120614
0.064424 0.191479 0.152371 0.217772 0.079942 1.000000 0.111016 0.380796 0.203694
0.000000 0.134943 0.112021 0.100381 0.121149 0.111016 1.000000 0.314446 0.084000
0.063205 0.476148 0.327263 0.224897 0.287235 0.380796 0.314446 1.000000 0.379251
0.306342 0.191026 0.145121 0.054397 0.120614 0.203694 0.084000 0.379251 1.000000
