1.000000 0.549776 0.007562 0.003964 0.008788 0.400654 0.005170
0.549776 1.000000 0.003862 0.001625 0.001325 0.433082 0.003205
0.007562 0.003862 1.000000 0.227758 0.005633 0.002718 0.003178
0.003964 0.001625 0.227758 1.000000 0.159655 0.020735 0.448525
0.008788 0.001325 0.005633 0.159655 1.000000 0.001827 0.004519
0.400654 0.433082 0.002718 0.020735 0.001827 1.000000 0.112487
0.005170 0.003205 0.003178 0.448525 0.004519 0.112487 1.000000
