1.000000 0.052449 0.057609 0.141665 0.113005 0.182793
0.052449 1.000000 0.061157 0.225185 0.475031 0.308879
0.057609 0.061157 1.000000 0.108294 0.106388 0.334599
0.141665 0.225185 0.108294 1.000000 0.799113 0.536492
0.113005 0.475031 0.106388 0.799113 1.000000 0.658982
0.182793 0.308879 0.334599 0.536492 0.658982 1.000000
