1.000000 0.380789 0.312252 0.310223 0.167282 0.233386 0.187333
0.380789 1.000000 0.472078 0.416117 0.327848 0.313052 0.274887
0.312252 0.472078 1.000000 0.340041 0.272328 0.253112 0.211473
0.310223 0.416117 0.340041 1.000000 0.194204 0.251467 0.201048
0.167282 0.327848 0.272328 0.194204 1.000000 0.127559 0.166993
0.233386 0.313052 0.253112 0.251467 0.127559 1.000000 0.142849
0.187333 0.274887 0.211473 0.201048 0.166993 0.142849 1.000000
