1.000000 0.642173 0.176089 0.164491 0.178702 0.158487 0.107936 0.242745 0.308691 0.142625 0.205900 0.159497 0.179704 0.201651 0.203571 0.162679 0.188089 0.630715 0.161938 0.173719 0.296501 0.332694 0.766493 0.161022 0.267783 0.253005 0.263184 0.245473 0.269449 0.536474
0.642173 1.000000 0.171759 0.164171 0.181163 0.159823 0.126202 0.245460 0.310580 0.136586 0.206399 0.178262 0.182249 0.212621 0.214894 0.161599 0.182630 0.996000 0.159919 0.167828 0.297652 0.320479 0.546063 0.159667 0.292863 0.306088 0.261161 0.259682 0.272418 0.604916
0.176089 0.171759 1.000000 0.089480 0.097226 0.086181 0.055893 0.131351 0.164768 0.065892 0.112747 0.075632 0.095965 0.085899 0.085329 0.088637 0.102941 0.166175 0.089632 0.095063 0.160662 0.192461 0.160215 0.088827 0.141701 0.131181 0.137673 0.131970 0.146272 0.307572
0.164491 0.164171 0.089480 1.000000 0.091105 0.080716 0.055483 0.122795 0.152817 0.061101 0.104917 0.072111 0.090592 0.080790 0.080162 0.082410 0.095473 0.158943 0.083052 0.088121 0.149585 0.168352 0.150423 0.082488 0.134153 0.125453 0.127462 0.124255 0.137216 0.274238
0.178702 0.181163 0.097226 0.091105 1.000000 0.087897 0.060531 0.133791 0.166092 0.066349 0.123674 0.079152 0.097525 0.088133 0.087451 0.090862 0.104492 0.175475 0.090472 0.095737 0.162695 0.182625 0.164034 0.090077 0.147339 0.138211 0.138463 0.136018 0.149767 0.288753
0.158487 0.159823 0.086181 0.080716 0.087897 1.000000 0.051523 0.118288 0.147073 0.058728 0.101184 0.070006 0.087991 0.078187 0.077671 0.079558 0.092124 0.154765 0.079490 0.084946 0.144362 0.162102 0.144968 0.079133 0.130171 0.122339 0.122723 0.120312 0.132180 0.261373
0.107936 0.126202 0.055893 0.055483 0.060531 0.051523 1.000000 0.083326 0.093358 0.037675 0.067825 0.056150 0.089170 0.058371 0.057271 0.053492 0.058537 0.122453 0.052130 0.054009 0.095759 0.103300 0.102982 0.051049 0.100383 0.098332 0.077237 0.087181 0.090407 0.249279
0.242745 0.245460 0.131351 0.122795 0.133791 0.118288 0.083326 1.000000 0.225454 0.096322 0.154819 0.111008 0.133723 0.136403 0.126238 0.121531 0.145552 0.237838 0.121361 0.129310 0.220536 0.247893 0.221700 0.120363 0.199621 0.186606 0.189836 0.185453 0.207035 0.387795
0.308691 0.310580 0.164768 0.152817 0.166092 0.147073 0.093358 0.225454 1.000000 0.346745 0.211625 0.178534 0.163376 0.321131 0.317752 0.151484 0.176021 0.301488 0.153073 0.162528 0.323280 0.333550 0.277435 0.151941 0.244273 0.230817 0.480856 0.224946 0.250622 0.485360
0.142625 0.136586 0.065892 0.061101 0.066349 0.058728 0.037675 0.096322 0.346745 1.000000 0.079670 0.367353 0.065477 0.862989 0.851914 0.060789 0.070439 0.133244 0.061782 0.064972 0.126228 0.139254 0.117892 0.061415 0.096525 0.139397 0.742876 0.090263 0.103784 0.245912
0.205900 0.206399 0.112747 0.104917 0.123674 0.101184 0.067825 0.154819 0.211625 0.079670 1.000000 0.090723 0.112815 0.102839 0.102077 0.106180 0.120584 0.199859 0.108760 0.110440 0.187766 0.211103 0.189363 0.107653 0.170984 0.157253 0.172701 0.157315 0.174525 0.364174
0.159497 0.178262 0.075632 0.072111 0.079152 0.070006 0.056150 0.111008 0.178534 0.367353 0.090723 1.000000 0.079912 0.735696 0.754370 0.071778 0.080513 0.174142 0.073918 0.073675 0.140133 0.151946 0.145336 0.074536 0.124218 0.637524 0.245239 0.113151 0.122680 0.394323
0.179704 0.182249 0.095965 0.090592 0.097525 0.087991 0.089170 0.133723 0.163376 0.065477 0.112815 0.079912 1.000000 0.089620 0.088700 0.088479 0.102062 0.176052 0.087773 0.094444 0.162035 0.180755 0.164843 0.087290 0.149825 0.138225 0.136593 0.137028 0.148264 0.356554
0.201651 0.212621 0.085899 0.080790 0.088133 0.078187 0.058371 0.136403 0.321131 0.862989 0.102839 0.735696 0.089620 1.000000 0.996456 0.079685 0.091531 0.208581 0.079756 0.084389 0.169123 0.183334 0.170662 0.079367 0.133745 0.418231 0.605594 0.123395 0.139997 0.376317
0.203571 0.214894 0.085329 0.080162 0.087451 0.077671 0.057271 0.126238 0.317752 0.851914 0.102077 0.754370 0.088700 0.996456 1.000000 0.079466 0.091036 0.210957 0.079236 0.083869 0.167901 0.182161 0.172001 0.078862 0.133183 0.437176 0.598446 0.122582 0.140050 0.380323
0.162679 0.161599 0.088637 0.082410 0.090862 0.079558 0.053492 0.121531 0.151484 0.060789 0.106180 0.071778 0.088479 0.079685 0.079466 1.000000 0.096507 0.156380 0.085682 0.087122 0.147707 0.166286 0.149633 0.085303 0.134404 0.123129 0.126770 0.123603 0.136482 0.303475
0.188089 0.182630 0.102941 0.095473 0.104492 0.092124 0.058537 0.145552 0.176021 0.070439 0.120584 0.080513 0.102062 0.091531 0.091036 0.096507 1.000000 0.176619 0.095917 0.101779 0.171342 0.194266 0.171212 0.095133 0.151570 0.139570 0.147214 0.140800 0.160251 0.430953
0.630715 0.996000 0.166175 0.158943 0.175475 0.154765 0.122453 0.237838 0.301488 0.133244 0.199859 0.174142 0.176052 0.208581 0.210957 0.156380 0.176619 1.000000 0.154719 0.162300 0.288390 0.309959 0.530995 0.154489 0.284837 0.298709 0.253637 0.252050 0.263876 0.590741
0.161938 0.159919 0.089632 0.083052 0.090472 0.079490 0.052130 0.121361 0.153073 0.061782 0.108760 0.073918 0.087773 0.079756 0.079236 0.085682 0.095917 0.154719 1.000000 0.087452 0.147867 0.167220 0.149541 0.091558 0.134504 0.121336 0.128107 0.123611 0.137296 0.269949
0.173719 0.167828 0.095063 0.088121 0.095737 0.084946 0.054009 0.129310 0.162528 0.064972 0.110440 0.073675 0.094444 0.084389 0.083869 0.087122 0.101779 0.162300 0.087452 1.000000 0.158370 0.179890 0.157617 0.086637 0.138558 0.128188 0.135834 0.129457 0.147562 0.274972
0.296501 0.297652 0.160662 0.149585 0.162695 0.144362 0.095759 0.220536 0.323280 0.126228 0.187766 0.140133 0.162035 0.169123 0.167901 0.147707 0.171342 0.288390 0.147867 0.158370 1.000000 0.806486 0.271454 0.146851 0.357975 0.227780 0.237605 0.222778 0.294679 0.491245
0.332694 0.320479 0.192461 0.168352 0.182625 0.162102 0.103300 0.247893 0.333550 0.139254 0.211103 0.151946 0.180755 0.183334 0.182161 0.166286 0.194266 0.309959 0.167220 0.179890 0.806486 1.000000 0.301996 0.165655 0.392219 0.246099 0.266903 0.247113 0.436740 0.543153
0.766493 0.546063 0.160215 0.150423 0.164034 0.144968 0.102982 0.221700 0.277435 0.117892 0.189363 0.145336 0.164843 0.170662 0.172001 0.149633 0.171212 0.530995 0.149541 0.157617 0.271454 0.301996 1.000000 0.149152 0.252652 0.246404 0.233313 0.226313 0.247428 0.501992
0.161022 0.159667 0.088827 0.082488 0.090077 0.079133 0.051049 0.120363 0.151941 0.061415 0.107653 0.074536 0.087290 0.079367 0.078862 0.085303 0.095133 0.154489 0.091558 0.086637 0.146851 0.165655 0.149152 1.000000 0.134085 0.121019 0.127269 0.123314 0.136896 0.279166
0.267783 0.292863 0.141701 0.134153 0.147339 0.130171 0.100383 0.199621 0.244273 0.096525 0.170984 0.124218 0.149825 0.133745 0.133183 0.134404 0.151570 0.284837 0.134504 0.138558 0.357975 0.392219 0.252652 0.134085 1.000000 0.222331 0.200877 0.207274 0.240254 0.676267
0.253005 0.306088 0.131181 0.125453 0.138211 0.122339 0.098332 0.186606 0.230817 0.139397 0.157253 0.637524 0.138225 0.418231 0.437176 0.123129 0.139570 0.298709 0.121336 0.128188 0.227780 0.246099 0.246404 0.121019 0.222331 1.000000 0.207169 0.197886 0.209102 0.635020
0.263184 0.261161 0.137673 0.127462 0.138463 0.122723 0.077237 0.189836 0.480856 0.742876 0.172701 0.245239 0.136593 0.605594 0.598446 0.126770 0.147214 0.253637 0.128107 0.135834 0.237605 0.266903 0.233313 0.127269 0.200877 0.207169 1.000000 0.187721 0.211551 0.438992
0.245473 0.259682 0.131970 0.124255 0.136018 0.120312 0.087181 0.185453 0.224946 0.090263 0.157315 0.113151 0.137028 0.123395 0.122582 0.123603 0.140800 0.252050 0.123611 0.129457 0.222778 0.247113 0.226313 0.123314 0.207274 0.197886 0.187721 1.000000 0.204965 0.485673
0.269449 0.272418 0.146272 0.137216 0.149767 0.132180 0.090407 0.207035 0.250622 0.103784 0.174525 0.122680 0.148264 0.139997 0.140050 0.136482 0.160251 0.263876 0.137296 0.147562 0.294679 0.436740 0.247428 0.136896 0.240254 0.209102 0.211551 0.204965 1.000000 0.445376
0.536474 0.604916 0.307572 0.274238 0.288753 0.261373 0.249279 0.387795 0.485360 0.245912 0.364174 0.394323 0.356554 0.376317 0.380323 0.303475 0.430953 0.590741 0.269949 0.274972 0.491245 0.543153 0.501992 0.279166 0.676267 0.635020 0.438992 0.485673 0.445376 1.000000
