1.000000 0.009911 0.008298 0.012665 0.011898 0.015208 0.175732
0.009911 1.000000 0.008674 0.008224 0.008921 0.010230 0.138465
0.008298 0.008674 1.000000 0.005935 0.006759 0.010597 0.094174
0.012665 0.008224 0.005935 1.000000 0.009787 0.010911 0.312312
0.011898 0.008921 0.006759 0.009787 1.000000 0.010103 0.147022
0.015208 0.010230 0.010597 0.010911 0.010103 1.000000 0.241305
0.175732 0.138465 0.094174 0.312312 0.147022 0.241305 1.000000
