1.000000 0.493299 0.104387 0.137440 0.705920 0.648139 0.654520
0.493299 1.000000 0.191903 0.069520 0.707957 0.831548 0.839917
0.104387 0.191903 1.000000 0.409294 0.117580 0.161679 0.157581
0.137440 0.069520 0.409294 1.000000 0.064690 0.137285 0.123419
0.705920 0.707957 0.117580 0.064690 1.000000 0.781031 0.789309
0.648139 0.831548 0.161679 0.137285 0.781031 1.000000 0.988831
0.654520 0.839917 0.157581 0.123419 0.789309 0.988831 1.000000
