1.000000 0.020660 0.017284 0.030096 0.029891 0.080001 0.357159
0.020660 1.000000 0.004130 0.014289 0.038822 0.038524 0.006365
0.017284 0.004130 1.000000 0.538769 0.263105 0.027627 0.065935
0.030096 0.014289 0.538769 1.000000 0.006250 0.081562 0.011972
0.029891 0.038822 0.263105 0.006250 1.000000 0.032490 0.217200
0.080001 0.038524 0.027627 0.081562 0.032490 1.000000 0.242741
0.357159 0.006365 0.065935 0.011972 0.217200 0.242741 1.000000
