1.000000 0.604717 0.000000 0.000000 0.000000 0.000000 0.000272 0.002832
0.604717 1.000000 0.009278 0.014055 0.009249 0.006633 0.021520 0.085418
0.000000 0.009278 1.000000 0.126243 0.348157 0.004847 0.003715 0.000876
0.000000 0.014055 0.126243 1.000000 0.229205 0.008419 0.213647 0.105178
0.000000 0.009249 0.348157 0.229205 1.000000 0.009715 0.215688 0.098156
0.000000 0.006633 0.004847 0.008419 0.009715 1.000000 0.383432 0.202661
0.000272 0.021520 0.003715 0.213647 0.215688 0.383432 1.000000 0.497870
0.002832 0.085418 0.000876 0.105178 0.098156 0.202661 0.497870 1.000000
