1.000000 0.229102 0.225751 0.223756 0.217860 0.546481 0.566713
0.229102 1.000000 0.212453 0.196559 0.325075 0.491173 0.479811
0.225751 0.212453 1.000000 0.205906 0.196979 0.441020 0.453573
0.223756 0.196559 0.205906 1.000000 0.196829 0.481952 0.421021
0.217860 0.325075 0.196979 0.196829 1.000000 0.427404 0.448665
0.546481 0.491173 0.441020 0.481952 0.427404 1.000000 0.881980
0.566713 0.479811 0.453573 0.421021 0.448665 0.881980 1.000000
