1.000000 0.057462 0.095793 0.094512 0.482433 0.064463 0.006998 0.018897 0.009318 0.028800 0.122644 0.055050
0.057462 1.000000 0.290013 0.055862 0.130324 0.055893 0.029936 0.077920 0.064326 0.277027 0.079042 0.095779
0.095793 0.290013 1.000000 0.325368 0.077352 0.029186 0.019640 0.123079 0.026152 0.132188 0.057085 0.134645
0.094512 0.055862 0.325368 1.000000 0.309539 0.050833 0.007740 0.012011 0.000000 0.033584 0.008933 0.052036
0.482433 0.130324 0.077352 0.309539 1.000000 0.198409 0.008868 0.030216 0.001333 0.050108 0.042994 0.111476
0.064463 0.055893 0.029186 0.050833 0.198409 1.000000 0.005948 0.018869 0.000000 0.034074 0.168673 0.030418
0.006998 0.029936 0.019640 0.007740 0.008868 0.005948 1.000000 0.196881 0.030110 0.144007 0.121305 0.035931
0.018897 0.077920 0.123079 0.012011 0.030216 0.018869 0.196881 1.000000 0.008285 0.124801 0.245867 0.020142
0.009318 0.064326 0.026152 0.000000 0.001333 0.000000 0.030110 0.008285 1.000000 0.310389 0.002389 0.086118
0.028800 0.277027 0.132188 0.033584 0.050108 0.034074 0.144007 0.124801 0.310389 1.000000 0.055986 0.316778
0.122644 0.079042 0.057085 0.008933 0.042994 0.168673 0.121305 0.245867 0.002389 0.055986 1.000000 0.181748
0.055050 0.095779 0.134645 0.052036 0.111476 0.030418 0.035931 0.020142 0.086118 0.316778 0.181748 1.000000
