1.000000 0.159091 0.098280 0.081786 0.108998 0.039225 0.038274 0.034537 0.045790 0.038405 0.776020 0.035078 0.053679 0.028284 0.043423 0.046810 0.045707 0.043268 0.044119 0.237945 0.042428 0.044712 0.051060 0.152996 0.147456 0.042011 0.034418 0.036596 0.035733 0.067464 0.068013 0.067316 0.086042 0.032719 0.106777 0.033708 0.079462 0.329938 0.055614 0.057668 0.059500 0.032402 0.210026
0.159091 1.000000 0.173280 0.378203 0.361232 0.075709 0.073091 0.067697 0.085668 0.077356 0.245919 0.066283 0.102822 0.053769 0.087532 0.090034 0.085671 0.083671 0.199310 0.096257 0.050189 0.090274 0.099182 0.099916 0.098475 0.085414 0.065357 0.068751 0.067504 0.122041 0.123568 0.129538 0.468854 0.064482 0.355436 0.062640 0.166986 0.187010 0.092088 0.116506 0.113426 0.063790 0.300525
0.098280 0.173280 1.000000 0.256739 0.278475 0.130621 0.128730 0.115911 0.161748 0.125581 0.170814 0.125062 0.177800 0.095766 0.136551 0.160151 0.157142 0.150526 0.151972 0.119342 0.085077 0.136743 0.149430 0.123748 0.124691 0.096889 0.120277 0.133031 0.125395 0.233403 0.364821 0.340026 0.245897 0.120336 0.270684 0.122008 0.997532 0.215981 0.173383 0.179228 0.213530 0.120587 0.667025
0.081786 0.378203 0.256739 1.000000 0.638271 0.159011 0.158722 0.141924 0.202739 0.152349 0.072198 0.156493 0.217223 0.119079 0.165245 0.199604 0.197286 0.181225 0.035198 0.153361 0.128488 0.163186 0.180369 0.193022 0.191485 0.101535 0.145767 0.166166 0.156045 0.297811 0.305471 0.277063 0.763309 0.144228 0.626960 0.154303 0.257057 0.245228 0.229991 0.212662 0.238755 0.144986 0.522975
0.108998 0.361232 0.278475 0.638271 1.000000 0.158971 0.155990 0.140992 0.193592 0.151968 0.098157 0.150157 0.216502 0.116312 0.161137 0.192645 0.188689 0.179245 0.131651 0.169201 0.121414 0.162951 0.191708 0.201356 0.199569 0.118304 0.142797 0.158732 0.150939 0.295757 0.289168 0.273857 0.543096 0.141254 0.995661 0.146527 0.277572 0.293610 0.226092 0.222298 0.237999 0.141283 0.586288
0.039225 0.075709 0.130621 0.159011 0.158971 1.000000 0.081249 0.072749 0.103368 0.078089 0.030882 0.079849 0.110621 0.060487 0.083185 0.100844 0.099552 0.102665 0.021039 0.069705 0.054397 0.081732 0.091782 0.075029 0.075873 0.052881 0.075440 0.085399 0.079775 0.147676 0.154842 0.140392 0.147815 0.074775 0.153861 0.078550 0.130783 0.123699 0.111285 0.108948 0.122757 0.075059 0.262858
0.038274 0.073091 0.128730 0.158722 0.155990 0.081249 1.000000 0.072411 0.102939 0.077475 0.030108 0.079683 0.110058 0.060453 0.083332 0.100994 0.099759 0.092555 0.017744 0.068770 0.054328 0.082394 0.090982 0.074546 0.075384 0.052373 0.074000 0.084502 0.087610 0.147311 0.154814 0.139983 0.146893 0.074177 0.150902 0.078408 0.128962 0.121595 0.111076 0.107836 0.121864 0.074652 0.266634
0.034537 0.067697 0.115911 0.141924 0.140992 0.072749 0.072411 1.000000 0.093021 0.070486 0.027092 0.071216 0.098378 0.054407 0.074740 0.090632 0.089452 0.082826 0.019885 0.061889 0.048434 0.074352 0.081764 0.067029 0.067704 0.045060 0.066296 0.075680 0.071042 0.131513 0.138344 0.125364 0.131359 0.065922 0.136422 0.070144 0.116102 0.110072 0.099228 0.096857 0.108897 0.066172 0.239863
0.045790 0.085668 0.161748 0.202739 0.193592 0.103368 0.102939 0.093021 1.000000 0.153325 0.038113 0.102215 0.140206 0.099887 0.123248 0.181831 0.180689 0.117916 0.014753 0.085750 0.070215 0.109066 0.115462 0.095341 0.097181 0.073339 0.094668 0.108828 0.101622 0.192129 0.199110 0.179284 0.186606 0.093547 0.187047 0.100974 0.162017 0.150881 0.143094 0.136148 0.154498 0.094583 0.330139
0.038405 0.077356 0.125581 0.152349 0.151968 0.078089 0.077475 0.070486 0.153325 1.000000 0.035504 0.076381 0.106146 0.058164 0.086247 0.099089 0.097803 0.088506 0.021617 0.066502 0.051845 0.085662 0.088797 0.072210 0.072929 0.070434 0.070526 0.080849 0.075884 0.140832 0.148407 0.134959 0.141492 0.069923 0.147073 0.075151 0.125389 0.118289 0.106049 0.104074 0.116661 0.070730 0.263138
0.776020 0.245919 0.170814 0.072198 0.098157 0.030882 0.030108 0.027092 0.038113 0.035504 1.000000 0.027032 0.042987 0.021432 0.051302 0.039763 0.038606 0.034912 0.040108 0.143473 0.033257 0.053112 0.041526 0.103721 0.101037 0.054001 0.027335 0.027962 0.027244 0.051723 0.058422 0.064896 0.072478 0.026479 0.096394 0.025613 0.124401 0.194232 0.042664 0.046930 0.048154 0.025962 0.173024
0.035078 0.066283 0.125062 0.156493 0.150157 0.079849 0.079683 0.071216 0.102215 0.076381 0.027032 1.000000 0.108444 0.059700 0.082170 0.100167 0.098987 0.091720 0.013261 0.066339 0.053990 0.080329 0.088581 0.073067 0.073804 0.048402 0.073329 0.083949 0.078957 0.146381 0.165336 0.138541 0.144075 0.073605 0.145158 0.077943 0.125394 0.116977 0.110584 0.105466 0.119640 0.074271 0.284860
0.053679 0.102822 0.177800 0.217223 0.216502 0.110621 0.110058 0.098378 0.140206 0.106146 0.042987 0.108444 1.000000 0.082326 0.114181 0.138483 0.136801 0.126824 0.025607 0.097937 0.079263 0.112736 0.124808 0.108721 0.119603 0.073011 0.101266 0.120622 0.108283 0.201549 0.211494 0.191389 0.200794 0.100269 0.209623 0.106680 0.178031 0.167694 0.153311 0.149819 0.171727 0.101066 0.354381
0.028284 0.053769 0.095766 0.119079 0.116312 0.060487 0.060453 0.054407 0.099887 0.058164 0.021432 0.059700 0.082326 1.000000 0.757920 0.892497 0.894589 0.068940 0.014207 0.053226 0.043742 0.060699 0.068515 0.059637 0.069031 0.037993 0.055287 0.063359 0.059497 0.120430 0.116242 0.115026 0.109598 0.054721 0.112531 0.058845 0.096002 0.091561 0.084799 0.080793 0.090686 0.055147 0.185760
0.043423 0.087532 0.136551 0.165245 0.161137 0.083185 0.083332 0.074740 0.123248 0.086247 0.051302 0.082170 0.114181 0.757920 1.000000 0.675446 0.675308 0.095512 0.013427 0.073105 0.059533 0.105047 0.094422 0.081558 0.087936 0.071180 0.075661 0.086822 0.081285 0.199045 0.177964 0.205678 0.152479 0.075770 0.155699 0.080822 0.135588 0.125089 0.117362 0.111647 0.125477 0.075982 0.259733
0.046810 0.090034 0.160151 0.199604 0.192645 0.100844 0.100994 0.090632 0.181831 0.099089 0.039763 0.100167 0.138483 0.892497 0.675446 1.000000 0.995953 0.115322 0.021653 0.102958 0.092861 0.108045 0.113212 0.122595 0.138914 0.068016 0.092280 0.106209 0.099578 0.214204 0.196621 0.184236 0.183038 0.091905 0.186318 0.098778 0.160308 0.152361 0.151499 0.134126 0.151401 0.093059 0.306517
0.045707 0.085671 0.157142 0.197286 0.188689 0.099552 0.099759 0.089452 0.180689 0.097803 0.038606 0.098987 0.136801 0.894589 0.675308 0.995953 1.000000 0.113876 0.017257 0.101603 0.092253 0.106673 0.111722 0.121372 0.137770 0.067437 0.091052 0.104963 0.098391 0.211973 0.194128 0.181045 0.180542 0.090473 0.182411 0.097701 0.157340 0.149344 0.150015 0.132125 0.149428 0.091741 0.301892
0.043268 0.083671 0.150526 0.181225 0.179245 0.102665 0.092555 0.082826 0.117916 0.088506 0.034912 0.091720 0.126824 0.068940 0.095512 0.115322 0.113876 1.000000 0.020442 0.079063 0.065413 0.093528 0.103207 0.087074 0.088027 0.058405 0.087545 0.097512 0.091852 0.190097 0.177107 0.160349 0.168994 0.089206 0.173444 0.089622 0.150687 0.139161 0.140447 0.124912 0.141978 0.090199 0.336364
0.044119 0.199310 0.151972 0.035198 0.131651 0.021039 0.017744 0.019885 0.014753 0.021617 0.040108 0.013261 0.025607 0.014207 0.013427 0.021653 0.017257 0.020442 1.000000 0.038178 0.007564 0.017154 0.033860 0.030788 0.029119 0.035199 0.015573 0.013045 0.014393 0.022146 0.029225 0.044355 0.043019 0.014344 0.132138 0.010720 0.150314 0.103855 0.014964 0.044746 0.031797 0.014290 0.137759
0.237945 0.096257 0.119342 0.153361 0.169201 0.069705 0.068770 0.061889 0.085750 0.066502 0.143473 0.066339 0.097937 0.053226 0.073105 0.102958 0.101603 0.079063 0.038178 1.000000 0.344906 0.071667 0.085405 0.734066 0.715990 0.053018 0.063800 0.070193 0.066966 0.173460 0.138278 0.130091 0.140998 0.066954 0.165230 0.064453 0.118325 0.629214 0.220488 0.097427 0.107869 0.066224 0.384407
0.042428 0.050189 0.085077 0.128488 0.121414 0.054397 0.054328 0.048434 0.070215 0.051845 0.033257 0.053990 0.079263 0.043742 0.059533 0.092861 0.092253 0.065413 0.007564 0.344906 1.000000 0.054704 0.060620 0.853482 0.864339 0.032524 0.050244 0.057357 0.053812 0.352531 0.118820 0.109716 0.106569 0.050948 0.118454 0.053176 0.085316 0.127948 0.742247 0.072052 0.085198 0.051221 0.232744
0.044712 0.090274 0.136743 0.163186 0.162951 0.081732 0.082394 0.074352 0.109066 0.085662 0.053112 0.080329 0.112736 0.060699 0.105047 0.108045 0.106673 0.093528 0.017154 0.071667 0.054704 1.000000 0.097110 0.077662 0.078742 0.080544 0.074658 0.084909 0.079892 0.148010 0.156282 0.142575 0.151405 0.073577 0.157271 0.079008 0.135601 0.126080 0.111861 0.111880 0.123765 0.073975 0.339710
0.051060 0.099182 0.149430 0.180369 0.191708 0.091782 0.090982 0.081764 0.115462 0.088797 0.041526 0.088581 0.124808 0.068515 0.094422 0.113212 0.111722 0.103207 0.033860 0.085405 0.060620 0.097110 1.000000 0.088320 0.088597 0.071281 0.082005 0.093178 0.088473 0.163117 0.171208 0.159185 0.169280 0.081276 0.186017 0.086831 0.149375 0.149541 0.122986 0.124144 0.137307 0.081492 0.303067
0.152996 0.099916 0.123748 0.193022 0.201356 0.075029 0.074546 0.067029 0.095341 0.072210 0.103721 0.073067 0.108721 0.059637 0.081558 0.122595 0.121372 0.087074 0.030788 0.734066 0.853482 0.077662 0.088320 1.000000 0.996707 0.052376 0.068683 0.077483 0.073020 0.324111 0.163146 0.153263 0.163517 0.068238 0.197705 0.071742 0.123285 0.421560 0.595440 0.102600 0.121002 0.068520 0.367408
0.147456 0.098475 0.124691 0.191485 0.199569 0.075873 0.075384 0.067704 0.097181 0.072929 0.101037 0.073804 0.119603 0.069031 0.087936 0.138914 0.137770 0.088027 0.029119 0.715990 0.864339 0.078742 0.088597 0.996707 1.000000 0.053550 0.069087 0.078160 0.073768 0.328145 0.164599 0.154784 0.162625 0.068915 0.195802 0.072428 0.124229 0.404178 0.603332 0.103636 0.121077 0.069213 0.364485
0.042011 0.085414 0.096889 0.101535 0.118304 0.052881 0.052373 0.045060 0.073339 0.070434 0.054001 0.048402 0.073011 0.037993 0.071180 0.068016 0.067437 0.058405 0.035199 0.053018 0.032524 0.080544 0.071281 0.052376 0.053550 1.000000 0.047104 0.050380 0.047564 0.087307 0.092235 0.087310 0.098472 0.044681 0.114744 0.046696 0.094933 0.093955 0.065269 0.074167 0.078451 0.045864 0.243317
0.034418 0.065357 0.120277 0.145767 0.142797 0.075440 0.074000 0.066296 0.094668 0.070526 0.027335 0.073329 0.101266 0.055287 0.075661 0.092280 0.091052 0.087545 0.015573 0.063800 0.050244 0.074658 0.082005 0.068683 0.069087 0.047104 1.000000 0.079594 0.073277 0.135654 0.141937 0.128334 0.135948 0.071895 0.138073 0.071954 0.120424 0.110894 0.102665 0.099842 0.112841 0.072168 0.285400
0.036596 0.068751 0.133031 0.166166 0.158732 0.085399 0.084502 0.075680 0.108828 0.080849 0.027962 0.083949 0.120622 0.063359 0.086822 0.106209 0.104963 0.097512 0.013045 0.070193 0.057357 0.084909 0.093178 0.077483 0.078160 0.050380 0.079594 1.000000 0.083658 0.155407 0.163661 0.146815 0.153078 0.078338 0.153378 0.082968 0.133420 0.123732 0.117525 0.111859 0.131150 0.078976 0.417976
0.035733 0.067504 0.125395 0.156045 0.150939 0.079775 0.087610 0.071042 0.101622 0.075884 0.027244 0.078957 0.108283 0.059497 0.081285 0.099578 0.098391 0.091852 0.014393 0.066966 0.053812 0.079892 0.088473 0.073020 0.073768 0.047564 0.073277 0.083658 1.000000 0.145897 0.153167 0.137818 0.144001 0.073820 0.145902 0.077583 0.125720 0.117459 0.110075 0.105705 0.119754 0.074332 0.247227
0.067464 0.122041 0.233403 0.297811 0.295757 0.147676 0.147311 0.131513 0.192129 0.140832 0.051723 0.146381 0.201549 0.120430 0.199045 0.214204 0.211973 0.190097 0.022146 0.173460 0.352531 0.148010 0.163117 0.324111 0.328145 0.087307 0.135654 0.155407 0.145897 1.000000 0.308001 0.304769 0.270469 0.136316 0.286968 0.144263 0.234128 0.223373 0.472570 0.194552 0.222018 0.137297 0.474377
0.068013 0.123568 0.364821 0.305471 0.289168 0.154842 0.154814 0.138344 0.199110 0.148407 0.058422 0.165336 0.211494 0.116242 0.177964 0.196621 0.194128 0.177107 0.029225 0.138278 0.118820 0.156282 0.171208 0.163146 0.164599 0.092235 0.141937 0.163661 0.153167 0.308001 1.000000 0.793654 0.280431 0.141414 0.279445 0.152475 0.366360 0.226641 0.221861 0.203827 0.407222 0.142763 0.505877
0.067316 0.129538 0.340026 0.277063 0.273857 0.140392 0.139983 0.125364 0.179284 0.134959 0.064896 0.138541 0.191389 0.115026 0.205678 0.184236 0.181045 0.160349 0.044355 0.130091 0.109716 0.142575 0.159185 0.153263 0.154784 0.087310 0.128334 0.146815 0.137818 0.304769 0.793654 1.000000 0.256749 0.127627 0.265131 0.136458 0.340232 0.213792 0.200958 0.187107 0.263619 0.128465 0.464764
0.086042 0.468854 0.245897 0.763309 0.543096 0.147815 0.146893 0.131359 0.186606 0.141492 0.072478 0.144075 0.200794 0.109598 0.152479 0.183038 0.180542 0.168994 0.043019 0.140998 0.106569 0.151405 0.169280 0.163517 0.162625 0.098472 0.135948 0.153078 0.144001 0.270469 0.280431 0.256749 1.000000 0.135707 0.528012 0.141588 0.245948 0.242083 0.205783 0.198564 0.222094 0.135943 0.494498
0.032719 0.064482 0.120336 0.144228 0.141254 0.074775 0.074177 0.065922 0.093547 0.069923 0.026479 0.073605 0.100269 0.054721 0.075770 0.091905 0.090473 0.089206 0.014344 0.066954 0.050948 0.073577 0.081276 0.068238 0.068915 0.044681 0.071895 0.078338 0.073820 0.136316 0.141414 0.127627 0.135707 1.000000 0.136571 0.071522 0.120472 0.109004 0.103293 0.099826 0.113466 0.078295 0.259368
0.106777 0.355436 0.270684 0.626960 0.995661 0.153861 0.150902 0.136422 0.187047 0.147073 0.096394 0.145158 0.209623 0.112531 0.155699 0.186318 0.182411 0.173444 0.132138 0.165230 0.118454 0.157271 0.186017 0.197705 0.195802 0.114744 0.138073 0.153378 0.145902 0.286968 0.279445 0.265131 0.528012 0.136571 1.000000 0.141583 0.269770 0.286348 0.219544 0.215624 0.230361 0.136581 0.572389
0.033708 0.062640 0.122008 0.154303 0.146527 0.078550 0.078408 0.070144 0.100974 0.075151 0.025613 0.077943 0.106680 0.058845 0.080822 0.098778 0.097701 0.089622 0.010720 0.064453 0.053176 0.079008 0.086831 0.071742 0.072428 0.046696 0.071954 0.082968 0.077583 0.144263 0.152475 0.136458 0.141588 0.071522 0.141583 1.000000 0.122418 0.114172 0.109009 0.103318 0.121373 0.072207 0.249586
0.079462 0.166986 0.997532 0.257057 0.277572 0.130783 0.128962 0.116102 0.162017 0.125389 0.124401 0.125394 0.178031 0.096002 0.135588 0.160308 0.157340 0.150687 0.150314 0.118325 0.085316 0.135601 0.149375 0.123285 0.124229 0.094933 0.120424 0.133420 0.125720 0.234128 0.366360 0.340232 0.245948 0.120472 0.269770 0.122418 1.000000 0.214739 0.173941 0.179148 0.213829 0.120750 0.667320
0.329938 0.187010 0.215981 0.245228 0.293610 0.123699 0.121595 0.110072 0.150881 0.118289 0.194232 0.116977 0.167694 0.091561 0.125089 0.152361 0.149344 0.139161 0.103855 0.629214 0.127948 0.126080 0.149541 0.421560 0.404178 0.093955 0.110894 0.123732 0.117459 0.223373 0.226641 0.213792 0.242083 0.109004 0.286348 0.114172 0.214739 1.000000 0.182371 0.172527 0.186323 0.109180 0.626094
0.055614 0.092088 0.173383 0.229991 0.226092 0.111285 0.111076 0.099228 0.143094 0.106049 0.042664 0.110584 0.153311 0.084799 0.117362 0.151499 0.150015 0.140447 0.014964 0.220488 0.742247 0.111861 0.122986 0.595440 0.603332 0.065269 0.102665 0.117525 0.110075 0.472570 0.221861 0.200958 0.205783 0.103293 0.219544 0.109009 0.173941 0.182371 1.000000 0.146812 0.169932 0.103914 0.401896
0.057668 0.116506 0.179228 0.212662 0.222298 0.108948 0.107836 0.096857 0.136148 0.104074 0.046930 0.105466 0.149819 0.080793 0.111647 0.134126 0.132125 0.124912 0.044746 0.097427 0.072052 0.111880 0.124144 0.102600 0.103636 0.074167 0.099842 0.111859 0.105705 0.194552 0.203827 0.187107 0.198564 0.099826 0.215624 0.103318 0.179148 0.172527 0.146812 1.000000 0.163506 0.099957 0.457257
0.059500 0.113426 0.213530 0.238755 0.237999 0.122757 0.121864 0.108897 0.154498 0.116661 0.048154 0.119640 0.171727 0.090686 0.125477 0.151401 0.149428 0.141978 0.031797 0.107869 0.085198 0.123765 0.137307 0.121002 0.121077 0.078451 0.112841 0.131150 0.119754 0.222018 0.407222 0.263619 0.222094 0.113466 0.230361 0.121373 0.213829 0.186323 0.169932 0.163506 1.000000 0.113664 0.406569
0.032402 0.063790 0.120587 0.144986 0.141283 0.075059 0.074652 0.066172 0.094583 0.070730 0.025962 0.074271 0.101066 0.055147 0.075982 0.093059 0.091741 0.090199 0.014290 0.066224 0.051221 0.073975 0.081492 0.068520 0.069213 0.045864 0.072168 0.078976 0.074332 0.137297 0.142763 0.128465 0.135943 0.078295 0.136581 0.072207 0.120750 0.109180 0.103914 0.099957 0.113664 1.000000 0.248939
0.210026 0.300525 0.667025 0.522975 0.586288 0.262858 0.266634 0.239863 0.330139 0.263138 0.173024 0.284860 0.354381 0.185760 0.259733 0.306517 0.301892 0.336364 0.137759 0.384407 0.232744 0.339710 0.303067 0.367408 0.364485 0.243317 0.285400 0.417976 0.247227 0.474377 0.505877 0.464764 0.494498 0.259368 0.572389 0.249586 0.667320 0.626094 0.401896 0.457257 0.406569 0.248939 1.000000
