1.000000 0.399737 0.469396 0.796857 0.796857 0.760591
0.399737 1.000000 0.357735 0.478396 0.478396 0.456663
0.469396 0.357735 1.000000 0.558767 0.558767 0.532946
0.796857 0.478396 0.558767 1.000000 1.000000 0.955464
0.796857 0.478396 0.558767 1.000000 1.000000 0.955464
0.760591 0.456663 0.532946 0.955464 0.955464 1.000000
