1.000000 0.316027 0.222875 0.278744 0.790580 0.296098 0.930780 0.345188 0.436399
0.316027 1.000000 0.045746 0.062970 0.288817 0.234889 0.305962 0.786804 0.509452
0.222875 0.045746 1.000000 0.868137 0.564684 0.824429 0.331663 0.047220 0.327494
0.278744 0.062970 0.868137 1.000000 0.625277 0.797125 0.380711 0.067175 0.335693
0.790580 0.288817 0.564684 0.625277 1.000000 0.622120 0.864077 0.334533 0.548368
0.296098 0.234889 0.824429 0.797125 0.622120 1.000000 0.383160 0.218816 0.662538
0.930780 0.305962 0.331663 0.380711 0.864077 0.383160 1.000000 0.336724 0.463683
0.345188 0.786804 0.047220 0.067175 0.334533 0.218816 0.336724 1.000000 0.496405
0.436399 0.509452 0.327494 0.335693 0.548368 0.662538 0.463683 0.496405 1.000000
