1.000000 0.638519 0.201827 0.175849 0.161963 0.173278 0.156073 0.106645 0.238223 0.302940 0.140372 0.202378 0.160973 0.200093 0.202443 0.178144 0.184986 0.160197 0.159458 0.170940 0.627033 0.327313 0.291479 0.764107 0.158558 0.262758 0.256345 0.258383 0.240874 0.264288 0.532304
0.638519 1.000000 0.220181 0.181133 0.164241 0.171759 0.159908 0.126496 0.244720 0.309699 0.136759 0.206192 0.182336 0.213695 0.216355 0.183501 0.182570 0.161779 0.160136 0.167819 0.995832 0.320413 0.297241 0.543765 0.159906 0.291711 0.313938 0.260653 0.258810 0.271511 0.607430
0.201827 0.220181 1.000000 0.110946 0.101537 0.107334 0.098387 0.080431 0.149671 0.182280 0.073534 0.126125 0.098132 0.102813 0.102908 0.115626 0.113617 0.098670 0.098157 0.105331 0.213900 0.200943 0.183035 0.186458 0.097781 0.166888 0.170272 0.152036 0.153696 0.166202 0.333209
0.175849 0.181133 0.110946 1.000000 0.089479 0.095431 0.086346 0.059672 0.130976 0.162669 0.065166 0.121478 0.079754 0.087243 0.086776 0.096458 0.102538 0.089307 0.088909 0.093960 0.175549 0.179194 0.159525 0.160978 0.088526 0.144200 0.139720 0.135649 0.133160 0.146558 0.286488
0.161963 0.164241 0.101537 0.089479 1.000000 0.087883 0.079331 0.054716 0.120276 0.149762 0.060053 0.102931 0.072698 0.080023 0.079592 0.089664 0.093721 0.081012 0.081663 0.086543 0.159105 0.165298 0.146770 0.147694 0.081112 0.131359 0.126893 0.124949 0.121717 0.134341 0.272379
0.173278 0.171759 0.107334 0.095431 0.087883 1.000000 0.084650 0.055104 0.128580 0.161368 0.064715 0.110565 0.076204 0.085036 0.084673 0.094908 0.100976 0.087071 0.088069 0.093296 0.166275 0.189071 0.157542 0.157224 0.087277 0.138672 0.132629 0.134867 0.129201 0.143123 0.305681
0.156073 0.159908 0.098387 0.086346 0.079331 0.084650 1.000000 0.050845 0.115881 0.144139 0.057719 0.099279 0.070568 0.077447 0.077118 0.087108 0.090446 0.078223 0.078137 0.083434 0.154941 0.159179 0.141655 0.142359 0.077791 0.127466 0.123760 0.120312 0.117852 0.129412 0.259545
0.106645 0.126496 0.080431 0.059672 0.054716 0.055104 0.050845 1.000000 0.081913 0.091856 0.037170 0.066788 0.056734 0.058024 0.057054 0.088353 0.057687 0.052773 0.051444 0.053252 0.122814 0.101854 0.094301 0.101448 0.050369 0.098541 0.099652 0.076021 0.085679 0.088819 0.248532
0.238223 0.244720 0.149671 0.130976 0.120276 0.128580 0.115881 0.081913 1.000000 0.220275 0.094628 0.151428 0.111723 0.135254 0.125256 0.131875 0.142539 0.119088 0.118909 0.126581 0.237262 0.242637 0.215693 0.216966 0.117938 0.194857 0.188145 0.185599 0.181116 0.202208 0.383888
0.302940 0.309699 0.182280 0.162669 0.149762 0.161368 0.144139 0.091856 0.220275 1.000000 0.345207 0.207560 0.179592 0.320551 0.317717 0.161232 0.172282 0.148477 0.150071 0.159154 0.300803 0.327205 0.317727 0.271564 0.148966 0.238629 0.232874 0.476854 0.219742 0.244698 0.480921
0.140372 0.136759 0.073534 0.065166 0.060053 0.064715 0.057719 0.037170 0.094628 0.345207 1.000000 0.078262 0.370976 0.866316 0.855935 0.064793 0.069140 0.059761 0.060770 0.063801 0.133497 0.136794 0.123968 0.115757 0.060412 0.094538 0.141132 0.742837 0.088433 0.101616 0.244980
0.202378 0.206192 0.126125 0.121478 0.102931 0.110565 0.099279 0.066788 0.151428 0.207560 0.078262 1.000000 0.091338 0.101748 0.101236 0.111437 0.118184 0.104306 0.106942 0.108259 0.199780 0.206907 0.183922 0.185677 0.105845 0.167258 0.158813 0.169346 0.153905 0.170683 0.361797
0.160973 0.182336 0.098132 0.079754 0.072698 0.076204 0.070568 0.056734 0.111723 0.179592 0.370976 0.091338 1.000000 0.732305 0.750634 0.081101 0.081093 0.072446 0.074734 0.074209 0.178210 0.153045 0.141029 0.146021 0.075392 0.124786 0.635113 0.246899 0.113678 0.123186 0.392863
0.200093 0.213695 0.102813 0.087243 0.080023 0.085036 0.077447 0.058024 0.135254 0.320551 0.866316 0.101748 0.732305 1.000000 0.996434 0.089380 0.090566 0.078956 0.079051 0.083536 0.209732 0.181660 0.167501 0.168779 0.078667 0.131957 0.414156 0.607451 0.121802 0.138198 0.372867
0.202443 0.216355 0.102908 0.086776 0.079592 0.084673 0.077118 0.057054 0.125256 0.317717 0.855935 0.101236 0.750634 0.996434 1.000000 0.088674 0.090291 0.078923 0.078721 0.083219 0.212485 0.180888 0.166636 0.170494 0.078351 0.131711 0.433246 0.601136 0.121284 0.138606 0.377295
0.178144 0.183501 0.115626 0.096458 0.089664 0.094908 0.087108 0.088353 0.131875 0.161232 0.064793 0.111437 0.081101 0.089380 0.088674 1.000000 0.100886 0.087576 0.086861 0.093406 0.177368 0.178713 0.160076 0.162953 0.086379 0.147672 0.140776 0.134824 0.135135 0.146142 0.356061
0.184986 0.182570 0.113617 0.102538 0.093721 0.100976 0.090446 0.057687 0.142539 0.172282 0.069140 0.118184 0.081093 0.090566 0.090291 0.100886 1.000000 0.094793 0.094187 0.099830 0.176667 0.190500 0.167918 0.167939 0.093423 0.148281 0.141060 0.144127 0.137781 0.156820 0.430134
0.160197 0.161779 0.098670 0.089307 0.081012 0.087071 0.078223 0.052773 0.119088 0.148477 0.059761 0.104306 0.072446 0.078956 0.078923 0.087576 0.094793 1.000000 0.084385 0.085557 0.156648 0.163267 0.144940 0.147008 0.084032 0.131721 0.124609 0.124294 0.121151 0.133721 0.302092
0.159458 0.160136 0.098157 0.088909 0.081663 0.088069 0.078137 0.051444 0.118909 0.150071 0.060770 0.106942 0.074734 0.079051 0.078721 0.086861 0.094187 0.084385 1.000000 0.085870 0.155022 0.164178 0.145103 0.146952 0.090443 0.131904 0.122810 0.125633 0.121203 0.134555 0.268307
0.170940 0.167819 0.105331 0.093960 0.086543 0.093296 0.083434 0.053252 0.126581 0.159154 0.063801 0.108259 0.074209 0.083536 0.083219 0.093406 0.099830 0.085557 0.085870 1.000000 0.162390 0.176512 0.155285 0.154655 0.085067 0.135575 0.129603 0.133049 0.126723 0.144463 0.272794
0.627033 0.995832 0.213900 0.175549 0.159105 0.166275 0.154941 0.122814 0.237262 0.300803 0.133497 0.199780 0.178210 0.209732 0.212485 0.177368 0.176667 0.156648 0.155022 0.162390 1.000000 0.310084 0.288163 0.528640 0.154814 0.283876 0.306515 0.253296 0.251348 0.263154 0.593386
0.327313 0.320413 0.200943 0.179194 0.165298 0.189071 0.159179 0.101854 0.242637 0.327205 0.136794 0.206907 0.153045 0.181660 0.180888 0.178713 0.190500 0.163267 0.164178 0.176512 0.310084 1.000000 0.804944 0.296295 0.162637 0.387779 0.248765 0.261430 0.241842 0.432300 0.539719
0.291479 0.297241 0.183035 0.159525 0.146770 0.157542 0.141655 0.094301 0.215693 0.317727 0.123968 0.183922 0.141029 0.167501 0.166636 0.160076 0.167918 0.144940 0.145103 0.155285 0.288163 0.804944 1.000000 0.266118 0.144102 0.353638 0.229978 0.232641 0.217837 0.289556 0.487706
0.764107 0.543765 0.186458 0.160978 0.147694 0.157224 0.142359 0.101448 0.216966 0.271564 0.115757 0.185677 0.146021 0.168779 0.170494 0.162953 0.167939 0.147008 0.146952 0.154655 0.528640 0.296295 0.266118 1.000000 0.146581 0.247390 0.248379 0.228469 0.221472 0.242063 0.497241
0.158558 0.159906 0.097781 0.088526 0.081112 0.087277 0.077791 0.050369 0.117938 0.148966 0.060412 0.105845 0.075392 0.078667 0.078351 0.086379 0.093423 0.084032 0.090443 0.085067 0.154814 0.162637 0.144102 0.146581 1.000000 0.131513 0.122496 0.124819 0.120928 0.134189 0.277657
0.262758 0.291711 0.166888 0.144200 0.131359 0.138672 0.127466 0.098541 0.194857 0.238629 0.094538 0.167258 0.124786 0.131957 0.131711 0.147672 0.148281 0.131721 0.131904 0.135575 0.283876 0.387779 0.353638 0.247390 0.131513 1.000000 0.223866 0.196220 0.202227 0.234967 0.676287
0.256345 0.313938 0.170272 0.139720 0.126893 0.132629 0.123760 0.099652 0.188145 0.232874 0.141132 0.158813 0.635113 0.414156 0.433246 0.140776 0.141060 0.124609 0.122810 0.129603 0.306515 0.248765 0.229978 0.248379 0.122496 0.223866 1.000000 0.209113 0.199346 0.210642 0.635054
0.258383 0.260653 0.152036 0.135649 0.124949 0.134867 0.120312 0.076021 0.185599 0.476854 0.742837 0.169346 0.246899 0.607451 0.601136 0.134824 0.144127 0.124294 0.125633 0.133049 0.253296 0.261430 0.232641 0.228469 0.124819 0.196220 0.209113 1.000000 0.183436 0.206645 0.435801
0.240874 0.258810 0.153696 0.133160 0.121717 0.129201 0.117852 0.085679 0.181116 0.219742 0.088433 0.153905 0.113678 0.121802 0.121284 0.135135 0.137781 0.121151 0.121203 0.126723 0.251348 0.241842 0.217837 0.221472 0.120928 0.202227 0.199346 0.183436 1.000000 0.200033 0.483054
0.264288 0.271511 0.166202 0.146558 0.134341 0.143123 0.129412 0.088819 0.202208 0.244698 0.101616 0.170683 0.123186 0.138198 0.138606 0.146142 0.156820 0.133721 0.134555 0.144463 0.263154 0.432300 0.289556 0.242063 0.134189 0.234967 0.210642 0.206645 0.200033 1.000000 0.441149
0.532304 0.607430 0.333209 0.286488 0.272379 0.305681 0.259545 0.248532 0.383888 0.480921 0.244980 0.361797 0.392863 0.372867 0.377295 0.356061 0.430134 0.302092 0.268307 0.272794 0.593386 0.539719 0.487706 0.497241 0.277657 0.676287 0.635054 0.435801 0.483054 0.441149 1.000000
