1.000000 0.175309 0.385726 0.043922 0.043922 0.022400 0.157947 0.085389 0.191654
0.175309 1.000000 0.328939 0.000000 0.000000 0.001244 0.042040 0.041224 0.044107
0.385726 0.328939 1.000000 0.004347 0.004347 0.010934 0.166766 0.070408 0.026403
0.043922 0.000000 0.004347 1.000000 1.000000 0.068147 0.551835 0.103731 0.611526
0.043922 0.000000 0.004347 1.000000 1.000000 0.068147 0.551835 0.103731 0.611526
0.022400 0.001244 0.010934 0.068147 0.068147 1.000000 0.034107 0.977121 0.061729
0.157947 0.042040 0.166766 0.551835 0.551835 0.034107 1.000000 0.062871 0.330896
0.085389 0.041224 0.070408 0.103731 0.103731 0.977121 0.062871 1.000000 0.126282
0.191654 0.044107 0.026403 0.611526 0.611526 0.061729 0.330896 0.126282 1.000000
