1.000000 0.326139 0.065642 0.105897 0.197212 0.454958
0.326139 1.000000 0.025090 0.069271 0.073597 0.340314
0.065642 0.025090 1.000000 0.092639 0.415217 0.126744
0.105897 0.069271 0.092639 1.000000 0.210854 0.266237
0.197212 0.073597 0.415217 0.210854 1.000000 0.325186
0.454958 0.340314 0.126744 0.266237 0.325186 1.000000
