1.000000 0.054913 0.375374 0.356171 0.166897 0.063667 0.069649 0.157585 0.244698 0.080672 0.076765 0.064754 0.074090 0.050958 0.083323 0.080932 0.085289 0.083198 0.200629 0.092585 0.047644 0.099124 0.086430 0.095977 0.094393 0.062880 0.062377 0.099312 0.065057 0.064122 0.054964 0.117056 0.097467 0.116704 0.467300 0.061462 0.350306 0.059275 0.082790 0.160550 0.181219 0.088976 0.111434 0.107361 0.123289 0.060748 0.295380
0.054913 1.000000 0.128795 0.123937 0.104809 0.050366 0.066279 0.028553 0.023167 0.083798 0.072028 0.059223 0.062829 0.048540 0.067893 0.081036 0.082204 0.083195 0.009589 0.057260 0.044400 0.075353 0.066761 0.059528 0.060146 0.065499 0.063643 0.090777 0.070539 0.065628 0.061012 0.123053 0.089683 0.126466 0.119843 0.066030 0.119676 0.064221 0.042184 0.104919 0.096166 0.093515 0.088044 0.100010 0.113634 0.065460 0.199869
0.375374 0.128795 1.000000 0.631393 0.242313 0.118500 0.150942 0.077565 0.069098 0.191527 0.160622 0.135172 0.144884 0.112444 0.156376 0.186639 0.188856 0.179811 0.034233 0.145851 0.123054 0.178616 0.155379 0.184820 0.183099 0.148760 0.138839 0.207418 0.157725 0.148335 0.137644 0.286873 0.205222 0.289817 0.758794 0.137342 0.620161 0.146645 0.096664 0.242564 0.231827 0.223526 0.201169 0.225239 0.262562 0.138031 0.508786
0.356171 0.123937 0.631393 1.000000 0.263021 0.122651 0.147630 0.104213 0.094561 0.181745 0.159936 0.133729 0.144027 0.109334 0.151703 0.177425 0.181286 0.177019 0.130994 0.160828 0.115137 0.189697 0.154562 0.192310 0.190283 0.141872 0.135355 0.206592 0.149718 0.142679 0.129328 0.283828 0.203742 0.272478 0.533199 0.133834 0.995697 0.138340 0.113011 0.262063 0.279370 0.218419 0.210047 0.223591 0.258437 0.133800 0.572721
0.166897 0.104809 0.242313 0.263021 1.000000 0.097606 0.121868 0.094562 0.168101 0.151953 0.131442 0.109972 0.118999 0.090019 0.128649 0.147782 0.150712 0.148831 0.152656 0.112103 0.079585 0.147469 0.129703 0.115504 0.116316 0.118264 0.114149 0.168846 0.125618 0.118618 0.109229 0.223169 0.167329 0.354206 0.232245 0.114237 0.255476 0.115281 0.092257 0.997547 0.204115 0.166659 0.169162 0.202027 0.330002 0.114454 0.662204
0.063667 0.050366 0.118500 0.122651 0.097606 1.000000 0.060071 0.031896 0.026446 0.076302 0.064604 0.054072 0.058888 0.044641 0.062481 0.073710 0.074667 0.071443 0.021480 0.052907 0.039468 0.851800 0.064897 0.055773 0.056051 0.058826 0.054602 0.082988 0.061909 0.058609 0.053879 0.109363 0.082024 0.113507 0.110622 0.053985 0.118792 0.057715 0.046114 0.097565 0.094705 0.082931 0.081226 0.089954 0.104715 0.054258 0.206944
0.069649 0.066279 0.150942 0.147630 0.121868 0.060071 1.000000 0.036231 0.028547 0.097661 0.082452 0.069285 0.074008 0.057320 0.079148 0.094719 0.095909 0.092245 0.017305 0.064862 0.051320 0.090448 0.078783 0.070005 0.070777 0.076080 0.070778 0.106198 0.080550 0.084052 0.070259 0.142087 0.104395 0.147465 0.139465 0.070969 0.142669 0.074836 0.050186 0.122067 0.115165 0.107834 0.102429 0.115486 0.133159 0.071407 0.259259
0.157585 0.028553 0.077565 0.104213 0.094562 0.031896 0.036231 1.000000 0.777591 0.042896 0.039482 0.032775 0.036423 0.026605 0.040988 0.043002 0.044082 0.042711 0.043843 0.236764 0.041427 0.050686 0.042501 0.151172 0.145561 0.033077 0.032580 0.050942 0.034420 0.033733 0.029580 0.064568 0.050531 0.064048 0.082035 0.030918 0.102042 0.031736 0.040361 0.075563 0.328566 0.054078 0.054614 0.055967 0.063604 0.030586 0.208068
0.244698 0.023167 0.069098 0.094561 0.168101 0.026446 0.028547 0.777591 1.000000 0.035792 0.031155 0.025747 0.033824 0.020180 0.048961 0.036414 0.037552 0.034572 0.039894 0.142412 0.032538 0.041270 0.050917 0.102300 0.099560 0.025527 0.025944 0.040257 0.026331 0.025748 0.022762 0.049582 0.040566 0.055597 0.069459 0.025122 0.092829 0.024138 0.051782 0.121756 0.192608 0.041563 0.044558 0.045451 0.062170 0.024595 0.171567
0.080672 0.083798 0.191527 0.181745 0.151953 0.076302 0.097661 0.042896 0.035792 1.000000 0.104193 0.088452 0.148261 0.095568 0.117268 0.173921 0.174996 0.116741 0.014042 0.080271 0.065965 0.113975 0.103635 0.088980 0.090730 0.096972 0.089975 0.134169 0.103113 0.096402 0.089701 0.184324 0.132095 0.188476 0.175940 0.088868 0.175410 0.095784 0.069901 0.152186 0.141745 0.138086 0.128384 0.145395 0.169435 0.089866 0.318940
0.076765 0.072028 0.160622 0.159936 0.131442 0.064604 0.082452 0.039482 0.031155 0.104193 1.000000 0.073944 0.079279 0.060917 0.083942 0.100397 0.101718 0.108185 0.021877 0.069872 0.054580 0.096966 0.082994 0.074863 0.075690 0.080984 0.076702 0.137246 0.086507 0.080919 0.074756 0.151283 0.111478 0.156652 0.149090 0.076009 0.154640 0.079637 0.053879 0.131579 0.124537 0.114747 0.109969 0.123600 0.141863 0.076279 0.268042
0.064754 0.059223 0.135172 0.133729 0.109972 0.054072 0.069285 0.032775 0.025747 0.088452 0.073944 1.000000 0.067510 0.051697 0.071125 0.085089 0.086231 0.082690 0.019606 0.058491 0.045817 0.081418 0.071252 0.063068 0.063686 0.068097 0.063529 0.095560 0.072266 0.067939 0.063225 0.127039 0.093465 0.131974 0.124892 0.063152 0.129264 0.067056 0.043174 0.110134 0.104505 0.096479 0.092176 0.103346 0.119446 0.063382 0.233564
0.074090 0.062829 0.144884 0.144027 0.118999 0.058888 0.074008 0.036423 0.033824 0.148261 0.079279 0.067510 1.000000 0.055169 0.082112 0.092943 0.094192 0.088209 0.021420 0.062760 0.048968 0.088334 0.082034 0.067857 0.068509 0.072925 0.067460 0.101895 0.077075 0.072447 0.067332 0.135817 0.100716 0.141341 0.134373 0.066858 0.139254 0.071730 0.068212 0.118787 0.112178 0.102941 0.098910 0.110553 0.128416 0.067649 0.256197
0.050958 0.048540 0.112444 0.109334 0.090019 0.044641 0.057320 0.026605 0.020180 0.095568 0.060917 0.051697 0.055169 1.000000 0.758551 0.894751 0.892666 0.068196 0.013911 0.050097 0.041358 0.067656 0.057577 0.056026 0.065332 0.056583 0.052494 0.078835 0.059959 0.056391 0.052291 0.116003 0.077518 0.109924 0.103284 0.051938 0.105675 0.055755 0.036065 0.090225 0.086206 0.081888 0.076206 0.085291 0.109313 0.052336 0.178935
0.083323 0.067893 0.156376 0.151703 0.128649 0.062481 0.079148 0.040988 0.048961 0.117268 0.083942 0.071125 0.082112 0.758551 1.000000 0.674072 0.674180 0.094682 0.012865 0.068742 0.056193 0.093341 0.100465 0.076497 0.082786 0.078034 0.071966 0.109938 0.082317 0.077170 0.071686 0.193134 0.107738 0.169885 0.144018 0.072091 0.146426 0.076730 0.067772 0.127683 0.117803 0.113499 0.105475 0.118262 0.198640 0.072262 0.250523
0.080932 0.081036 0.186639 0.177425 0.147782 0.073710 0.094719 0.043002 0.036414 0.173921 0.100397 0.085089 0.092943 0.894751 0.674072 1.000000 0.995933 0.112809 0.016624 0.097210 0.089315 0.110381 0.101511 0.116463 0.132834 0.093982 0.086576 0.130282 0.099503 0.093409 0.086891 0.204941 0.129098 0.184018 0.170376 0.086011 0.171345 0.092742 0.064150 0.147945 0.140764 0.146066 0.124717 0.140732 0.171759 0.087257 0.290909
0.085289 0.082204 0.188856 0.181286 0.150712 0.074667 0.095909 0.044082 0.037552 0.174996 0.101718 0.086231 0.094192 0.892666 0.674180 0.995933 1.000000 0.114264 0.021079 0.098507 0.089877 0.111881 0.102839 0.117621 0.133912 0.095116 0.087763 0.132050 0.100697 0.094551 0.087870 0.207113 0.130707 0.186418 0.172777 0.087403 0.175157 0.093773 0.064701 0.150833 0.143712 0.147506 0.126650 0.142624 0.174874 0.088534 0.295476
0.083198 0.083195 0.179811 0.177019 0.148831 0.071443 0.092245 0.042711 0.034572 0.116741 0.108185 0.082690 0.088209 0.068196 0.094682 0.112809 0.114264 1.000000 0.020801 0.077822 0.064509 0.107004 0.093274 0.085334 0.086248 0.091416 0.087537 0.211359 0.097027 0.091570 0.084380 0.190803 0.125581 0.176028 0.167477 0.089316 0.171117 0.089250 0.058260 0.148959 0.137521 0.142014 0.123885 0.140523 0.159157 0.090344 0.336591
0.200629 0.009589 0.034233 0.130994 0.152656 0.021480 0.017305 0.043843 0.039894 0.014042 0.021877 0.019606 0.021420 0.013911 0.012865 0.016624 0.021079 0.020801 1.000000 0.037620 0.007151 0.034797 0.016732 0.030228 0.028457 0.012788 0.015311 0.028386 0.012552 0.013941 0.008744 0.021486 0.024841 0.028487 0.042173 0.014006 0.131393 0.010238 0.035596 0.150989 0.103637 0.014520 0.044223 0.030930 0.043947 0.013955 0.139931
0.092585 0.057260 0.145851 0.160828 0.112103 0.052907 0.064862 0.236764 0.142412 0.080271 0.069872 0.058491 0.062760 0.050097 0.068742 0.097210 0.098507 0.077822 0.037620 1.000000 0.351314 0.084261 0.067716 0.738290 0.720251 0.062485 0.060283 0.089670 0.065987 0.063120 0.057416 0.170245 0.092185 0.130964 0.133507 0.063454 0.156990 0.060645 0.050407 0.111061 0.628069 0.224330 0.091716 0.101273 0.123351 0.062699 0.381431
0.047644 0.044400 0.123054 0.115137 0.079585 0.039468 0.051320 0.041427 0.032538 0.065965 0.054580 0.045817 0.048968 0.041358 0.056193 0.089315 0.089877 0.064509 0.007151 0.351314 1.000000 0.059608 0.051705 0.854389 0.865193 0.051004 0.047553 0.093449 0.054100 0.050835 0.047486 0.349188 0.074946 0.113361 0.100876 0.048275 0.112288 0.050218 0.030691 0.079798 0.124560 0.741648 0.067675 0.080145 0.104689 0.048521 0.226717
0.099124 0.075353 0.178616 0.189697 0.147469 0.851800 0.090448 0.050686 0.041270 0.113975 0.096966 0.081418 0.088334 0.067656 0.093341 0.110381 0.111881 0.107004 0.034797 0.084261 0.059608 1.000000 0.096684 0.086583 0.086845 0.087964 0.081577 0.125175 0.092350 0.087873 0.080444 0.163614 0.123244 0.169576 0.167454 0.080846 0.183904 0.086184 0.071523 0.147378 0.148124 0.124178 0.122873 0.135434 0.157698 0.081030 0.304286
0.086430 0.066761 0.155379 0.154562 0.129703 0.064897 0.078783 0.042501 0.050917 0.103635 0.082994 0.071252 0.082034 0.057577 0.100465 0.101511 0.102839 0.093274 0.016732 0.067716 0.051705 0.096684 1.000000 0.073058 0.074072 0.076734 0.071464 0.107807 0.080985 0.076339 0.070627 0.142833 0.107047 0.148960 0.143952 0.070399 0.149008 0.075453 0.077412 0.128564 0.119621 0.108674 0.106473 0.117371 0.135755 0.070763 0.333263
0.095977 0.059528 0.184820 0.192310 0.115504 0.055773 0.070005 0.151172 0.102300 0.088980 0.074863 0.063068 0.067857 0.056026 0.076497 0.116463 0.117621 0.085334 0.030228 0.738290 0.854389 0.086583 0.073058 1.000000 0.996700 0.068569 0.064617 0.110016 0.072598 0.068535 0.063204 0.318870 0.102138 0.154734 0.155093 0.064193 0.188811 0.067294 0.049417 0.115011 0.417145 0.595371 0.096031 0.113424 0.145511 0.064438 0.360333
0.094393 0.060146 0.183099 0.190283 0.116316 0.056051 0.070777 0.145561 0.099560 0.090730 0.075690 0.063686 0.068509 0.065332 0.082786 0.132834 0.133912 0.086248 0.028457 0.720251 0.865193 0.086845 0.074072 0.996700 1.000000 0.069243 0.064962 0.111311 0.073207 0.069219 0.063799 0.322791 0.112918 0.156069 0.154036 0.064813 0.186675 0.067917 0.050556 0.115825 0.399470 0.603156 0.096967 0.113384 0.146918 0.065073 0.357032
0.062880 0.065499 0.148760 0.141872 0.118264 0.058826 0.076080 0.033077 0.025527 0.096972 0.080984 0.068097 0.072925 0.056583 0.078034 0.093982 0.095116 0.091416 0.012788 0.062485 0.051004 0.087964 0.076734 0.068569 0.069243 1.000000 0.070135 0.104246 0.080024 0.075390 0.070269 0.141184 0.102818 0.158065 0.136686 0.070437 0.137004 0.074391 0.046196 0.118561 0.110602 0.107367 0.100093 0.113309 0.131753 0.071082 0.277821
0.062377 0.063643 0.138839 0.135355 0.114149 0.054602 0.070778 0.032580 0.025944 0.089975 0.076702 0.063529 0.067460 0.052494 0.071966 0.086576 0.087763 0.087537 0.015311 0.060283 0.047553 0.081577 0.071464 0.064617 0.064962 0.070135 1.000000 0.097382 0.076091 0.070087 0.065226 0.131068 0.096217 0.135401 0.129323 0.069060 0.130743 0.068785 0.045049 0.114267 0.105179 0.099857 0.095012 0.107144 0.122267 0.069323 0.279410
0.099312 0.090777 0.207418 0.206592 0.168846 0.082988 0.106198 0.050942 0.040257 0.134169 0.137246 0.095560 0.101895 0.078835 0.109938 0.130282 0.132050 0.211359 0.028386 0.089670 0.093449 0.125175 0.107807 0.110016 0.111311 0.104246 0.097382 1.000000 0.110620 0.104270 0.096173 0.260868 0.143367 0.202212 0.191818 0.097011 0.199795 0.102499 0.069467 0.169038 0.160597 0.206170 0.141289 0.158955 0.184577 0.097796 0.334457
0.065057 0.070539 0.157725 0.149718 0.125618 0.061909 0.080550 0.034420 0.026331 0.103113 0.086507 0.072266 0.077075 0.059959 0.082317 0.099503 0.100697 0.097027 0.012552 0.065987 0.054100 0.092350 0.080985 0.072598 0.073207 0.080024 0.076091 0.110620 1.000000 0.079746 0.074274 0.149669 0.114491 0.155675 0.145013 0.074830 0.144512 0.079083 0.047935 0.125971 0.116795 0.113938 0.105989 0.124246 0.139401 0.075436 0.412264
0.064122 0.065628 0.148335 0.142679 0.118618 0.058609 0.084052 0.033733 0.025748 0.096402 0.080919 0.067939 0.072447 0.056391 0.077170 0.093409 0.094551 0.091570 0.013941 0.063120 0.050835 0.087873 0.076339 0.068535 0.069219 0.075390 0.070087 0.104270 0.079746 1.000000 0.069587 0.140725 0.102678 0.145884 0.136638 0.070655 0.137771 0.074045 0.045409 0.118909 0.111104 0.106867 0.100350 0.113443 0.131053 0.071135 0.239673
0.054964 0.061012 0.137644 0.129328 0.109229 0.053879 0.070259 0.029580 0.022762 0.089701 0.074756 0.063225 0.067332 0.052291 0.071686 0.086891 0.087870 0.084380 0.008744 0.057416 0.047486 0.080444 0.070627 0.063204 0.063799 0.070269 0.065226 0.096173 0.074274 0.069587 1.000000 0.130948 0.094965 0.136063 0.126082 0.065481 0.124814 0.068977 0.040689 0.109568 0.100825 0.099719 0.092183 0.104656 0.121436 0.065804 0.211921
0.117056 0.123053 0.286873 0.283828 0.223169 0.109363 0.142087 0.064568 0.049582 0.184324 0.151283 0.127039 0.135817 0.116003 0.193134 0.204941 0.207113 0.190803 0.021486 0.170245 0.349188 0.163614 0.142833 0.318870 0.322791 0.141184 0.131068 0.260868 0.149669 0.140725 0.130948 1.000000 0.193162 0.297770 0.259669 0.131774 0.275183 0.139109 0.084091 0.223837 0.214158 0.470242 0.186506 0.212483 0.295320 0.132713 0.464608
0.097467 0.089683 0.205222 0.203742 0.167329 0.082024 0.104395 0.050531 0.040566 0.132095 0.111478 0.093465 0.100716 0.077518 0.107738 0.129098 0.130707 0.125581 0.024841 0.092185 0.074946 0.123244 0.107047 0.102138 0.112918 0.102818 0.096217 0.143367 0.114491 0.102678 0.094965 0.193162 1.000000 0.200122 0.189354 0.095242 0.197081 0.101110 0.069454 0.167515 0.157863 0.148055 0.141503 0.162022 0.180849 0.096005 0.342487
0.116704 0.126466 0.289817 0.272478 0.354206 0.113507 0.147465 0.064048 0.055597 0.188476 0.156652 0.131974 0.141341 0.109924 0.169885 0.184018 0.186418 0.176028 0.028487 0.130964 0.113361 0.169576 0.148960 0.154734 0.156069 0.158065 0.135401 0.202212 0.155675 0.145884 0.136063 0.297770 0.200122 1.000000 0.265491 0.134907 0.263034 0.145245 0.087755 0.355683 0.213845 0.215553 0.192929 0.397784 0.789980 0.136192 0.492281
0.467300 0.119843 0.758794 0.533199 0.232245 0.110622 0.139465 0.082035 0.069459 0.175940 0.149090 0.124892 0.134373 0.103284 0.144018 0.170376 0.172777 0.167477 0.042173 0.133507 0.100876 0.167454 0.143952 0.155093 0.154036 0.136686 0.129323 0.191818 0.145013 0.136638 0.126082 0.259669 0.189354 0.265491 1.000000 0.129134 0.518166 0.134271 0.093824 0.232234 0.229451 0.199026 0.187605 0.209232 0.242921 0.129321 0.480628
0.061462 0.066030 0.137342 0.133834 0.114237 0.053985 0.070969 0.030918 0.025122 0.088868 0.076009 0.063152 0.066858 0.051938 0.072091 0.086011 0.087403 0.089316 0.014006 0.063454 0.048275 0.080846 0.070399 0.064193 0.064813 0.070437 0.069060 0.097011 0.074830 0.070655 0.065481 0.131774 0.095242 0.134907 0.129134 1.000000 0.129263 0.068365 0.042718 0.114342 0.103296 0.100525 0.095018 0.107801 0.121585 0.075569 0.253092
0.350306 0.119676 0.620161 0.995697 0.255476 0.118792 0.142669 0.102042 0.092829 0.175410 0.154640 0.129264 0.139254 0.105675 0.146426 0.171345 0.175157 0.171117 0.131393 0.156990 0.112288 0.183904 0.149008 0.188811 0.186675 0.137004 0.130743 0.199795 0.144512 0.137771 0.124814 0.275183 0.197081 0.263034 0.518166 0.129263 1.000000 0.133527 0.109523 0.254510 0.272304 0.211933 0.203566 0.216201 0.249963 0.129213 0.558961
0.059275 0.064221 0.146645 0.138340 0.115281 0.057715 0.074836 0.031736 0.024138 0.095784 0.079637 0.067056 0.071730 0.055755 0.076730 0.092742 0.093773 0.089250 0.010238 0.060645 0.050218 0.086184 0.075453 0.067294 0.067917 0.074391 0.068785 0.102499 0.079083 0.074045 0.068977 0.139109 0.101110 0.145245 0.134271 0.068365 0.133527 1.000000 0.044494 0.115656 0.107868 0.105809 0.097996 0.115145 0.129734 0.069017 0.242123
0.082790 0.042184 0.096664 0.113011 0.092257 0.046114 0.050186 0.040361 0.051782 0.069901 0.053879 0.043174 0.068212 0.036065 0.067772 0.064150 0.064701 0.058260 0.035596 0.050407 0.030691 0.071523 0.077412 0.049417 0.050556 0.046196 0.045049 0.069467 0.047935 0.045409 0.040689 0.084091 0.069454 0.087755 0.093824 0.042718 0.109523 0.044494 1.000000 0.090357 0.089826 0.063255 0.070805 0.074473 0.083124 0.043836 0.239729
0.160550 0.104919 0.242564 0.262063 0.997547 0.097565 0.122067 0.075563 0.121756 0.152186 0.131579 0.110134 0.118787 0.090225 0.127683 0.147945 0.150833 0.148959 0.150989 0.111061 0.079798 0.147378 0.128564 0.115011 0.115825 0.118561 0.114267 0.169038 0.125971 0.118909 0.109568 0.223837 0.167515 0.355683 0.232234 0.114342 0.254510 0.115656 0.090357 1.000000 0.202821 0.167176 0.169040 0.202277 0.330156 0.114585 0.662432
0.181219 0.096166 0.231827 0.279370 0.204115 0.094705 0.115165 0.328566 0.192608 0.141745 0.124537 0.104505 0.112178 0.086206 0.117803 0.140764 0.143712 0.137521 0.103637 0.628069 0.124560 0.148124 0.119621 0.417145 0.399470 0.110602 0.105179 0.160597 0.116795 0.111104 0.100825 0.214158 0.157863 0.213845 0.229451 0.103296 0.272304 0.107868 0.089826 0.202821 1.000000 0.177409 0.163123 0.175265 0.202006 0.103419 0.620940
0.088976 0.093515 0.223526 0.218419 0.166659 0.082931 0.107834 0.054078 0.041563 0.138086 0.114747 0.096479 0.102941 0.081888 0.113499 0.146066 0.147506 0.142014 0.014520 0.224330 0.741648 0.124178 0.108674 0.595371 0.603156 0.107367 0.099857 0.206170 0.113938 0.106867 0.099719 0.470242 0.148055 0.215553 0.199026 0.100525 0.211933 0.105809 0.063255 0.167176 0.177409 1.000000 0.141667 0.163832 0.195005 0.101115 0.396607
0.111434 0.088044 0.201169 0.210047 0.169162 0.081226 0.102429 0.054614 0.044558 0.128384 0.109969 0.092176 0.098910 0.076206 0.105475 0.124717 0.126650 0.123885 0.044223 0.091716 0.067675 0.122873 0.106473 0.096031 0.096967 0.100093 0.095012 0.141289 0.105989 0.100350 0.092183 0.186506 0.141503 0.192929 0.187605 0.095018 0.203566 0.097996 0.070805 0.169040 0.163123 0.141667 1.000000 0.154125 0.177040 0.095117 0.448926
0.107361 0.100010 0.225239 0.223591 0.202027 0.089954 0.115486 0.055967 0.045451 0.145395 0.123600 0.103346 0.110553 0.085291 0.118262 0.140732 0.142624 0.140523 0.030930 0.101273 0.080145 0.135434 0.117371 0.113424 0.113384 0.113309 0.107144 0.158955 0.124246 0.113443 0.104656 0.212483 0.162022 0.397784 0.209232 0.107801 0.216201 0.115145 0.074473 0.202277 0.175265 0.163832 0.154125 1.000000 0.252638 0.107952 0.393716
0.123289 0.113634 0.262562 0.258437 0.330002 0.104715 0.133159 0.063604 0.062170 0.169435 0.141863 0.119446 0.128416 0.109313 0.198640 0.171759 0.174874 0.159157 0.043947 0.123351 0.104689 0.157698 0.135755 0.145511 0.146918 0.131753 0.122267 0.184577 0.139401 0.131053 0.121436 0.295320 0.180849 0.789980 0.242921 0.121585 0.249963 0.129734 0.083124 0.330156 0.202006 0.195005 0.177040 0.252638 1.000000 0.122362 0.451981
0.060748 0.065460 0.138031 0.133800 0.114454 0.054258 0.071407 0.030586 0.024595 0.089866 0.076279 0.063382 0.067649 0.052336 0.072262 0.087257 0.088534 0.090344 0.013955 0.062699 0.048521 0.081030 0.070763 0.064438 0.065073 0.071082 0.069323 0.097796 0.075436 0.071135 0.065804 0.132713 0.096005 0.136192 0.129321 0.075569 0.129213 0.069017 0.043836 0.114585 0.103419 0.101115 0.095117 0.107952 0.122362 1.000000 0.242450
0.295380 0.199869 0.508786 0.572721 0.662204 0.206944 0.259259 0.208068 0.171567 0.318940 0.268042 0.233564 0.256197 0.178935 0.250523 0.290909 0.295476 0.336591 0.139931 0.381431 0.226717 0.304286 0.333263 0.360333 0.357032 0.277821 0.279410 0.334457 0.412264 0.239673 0.211921 0.464608 0.342487 0.492281 0.480628 0.253092 0.558961 0.242123 0.239729 0.662432 0.620940 0.396607 0.448926 0.393716 0.451981 0.242450 1.000000
