1.000000 0.428477 0.243260 0.641610 0.333473 0.147038 0.031792 0.078934
0.428477 1.000000 0.202234 0.738078 0.831630 0.317482 0.044324 0.175795
0.243260 0.202234 1.000000 0.155027 0.220414 0.081967 0.050624 0.099566
0.641610 0.738078 0.155027 1.000000 0.669389 0.423484 0.097536 0.252158
0.333473 0.831630 0.220414 0.669389 1.000000 0.406094 0.095425 0.240694
0.147038 0.317482 0.081967 0.423484 0.406094 1.000000 0.280983 0.679302
0.031792 0.044324 0.050624 0.097536 0.095425 0.280983 1.000000 0.743443
0.078934 0.175795 0.099566 0.252158 0.240694 0.679302 0.743443 1.000000
